series,2021-02-01,2021-02-02,2021-02-03,2021-02-04,2021-02-05,2021-02-06,2021-02-07,2021-02-08,2021-02-09,2021-02-10,2021-02-11,2021-02-12,2021-02-13,2021-02-14,2021-02-15,2021-02-16,2021-02-17,2021-02-18,2021-02-19,2021-02-20,2021-02-21,2021-02-22,2021-02-23,2021-02-24,2021-02-25,2021-02-26,2021-02-27,2021-02-28,2021-03-01,2021-03-02,2021-03-03,2021-03-04,2021-03-05,2021-03-06,2021-03-07,2021-03-08,2021-03-09,2021-03-10,2021-03-11,2021-03-12,2021-03-13,2021-03-14,2021-03-15,2021-03-16,2021-03-17,2021-03-18,2021-03-19,2021-03-20,2021-03-21,2021-03-22,2021-03-23,2021-03-24,2021-03-25,2021-03-26,2021-03-27,2021-03-28,2021-03-29,2021-03-30,2021-03-31,2021-04-01,2021-04-02,2021-04-03,2021-04-04,2021-04-05,2021-04-06,2021-04-07,2021-04-08,2021-04-09,2021-04-10,2021-04-11,2021-04-12,2021-04-13,2021-04-14,2021-04-15,2021-04-16,2021-04-17,2021-04-18,2021-04-19,2021-04-20,2021-04-21,2021-04-22,2021-04-23,2021-04-24,2021-04-25,2021-04-26,2021-04-27,2021-04-28,2021-04-29,2021-04-30,2021-05-01,2021-05-02,2021-05-03,2021-05-04,2021-05-05,2021-05-06,2021-05-07,2021-05-08,2021-05-09,2021-05-10,2021-05-11,2021-05-12,2021-05-13,2021-05-14,2021-05-15,2021-05-16,2021-05-17,2021-05-18,2021-05-19,2021-05-20,2021-05-21,2021-05-22,2021-05-23,2021-05-24,2021-05-25,2021-05-26,2021-05-27,2021-05-28,2021-05-29,2021-05-30,2021-05-31,2021-06-01,2021-06-02,2021-06-03,2021-06-04,2021-06-05,2021-06-06,2021-06-07,2021-06-08,2021-06-09,2021-06-10,2021-06-11,2021-06-12,2021-06-13,2021-06-14,2021-06-15,2021-06-16,2021-06-17,2021-06-18,2021-06-19,2021-06-20,2021-06-21,2021-06-22,2021-06-23,2021-06-24,2021-06-25,2021-06-26,2021-06-27,2021-06-28,2021-06-29,2021-06-30,2021-07-01,2021-07-02,2021-07-03,2021-07-04,2021-07-05,2021-07-06,2021-07-07,2021-07-08,2021-07-09,2021-07-10,2021-07-11,2021-07-12,2021-07-13,2021-07-14,2021-07-15,2021-07-16,2021-07-17,2021-07-18,2021-07-19,2021-07-20,2021-07-21,2021-07-22,2021-07-23,2021-07-24,2021-07-25,2021-07-26,2021-07-27,2021-07-28,2021-07-29,2021-07-30,2021-07-31,2021-08-01,2021-08-02,2021-08-03,2021-08-04,2021-08-05,2021-08-06,2021-08-07,2021-08-08,2021-08-09,2021-08-10,2021-08-11,2021-08-12,2021-08-13,2021-08-14,2021-08-15,2021-08-16,2021-08-17,2021-08-18,2021-08-19,2021-08-20,2021-08-21,2021-08-22,2021-08-23,2021-08-24,2021-08-25,2021-08-26,2021-08-27,2021-08-28,2021-08-29,2021-08-30,2021-08-31,2021-09-01,2021-09-02,2021-09-03,2021-09-04,2021-09-05,2021-09-06,2021-09-07,2021-09-08,2021-09-09,2021-09-10,2021-09-11,2021-09-12,2021-09-13,2021-09-14,2021-09-15,2021-09-16,2021-09-17,2021-09-18,2021-09-19,2021-09-20,2021-09-21,2021-09-22,2021-09-23,2021-09-24,2021-09-25,2021-09-26,2021-09-27,2021-09-28,2021-09-29,2021-09-30,2021-10-01,2021-10-02,2021-10-03,2021-10-04,2021-10-05,2021-10-06,2021-10-07,2021-10-08,2021-10-09,2021-10-10,2021-10-11,2021-10-12,2021-10-13,2021-10-14,2021-10-15,2021-10-16,2021-10-17,2021-10-18,2021-10-19,2021-10-20,2021-10-21,2021-10-22,2021-10-23,2021-10-24,2021-10-25,2021-10-26,2021-10-27,2021-10-28,2021-10-29,2021-10-30,2021-10-31,2021-11-01,2021-11-02,2021-11-03,2021-11-04,2021-11-05,2021-11-06,2021-11-07,2021-11-08,2021-11-09,2021-11-10,2021-11-11,2021-11-12,2021-11-13,2021-11-14,2021-11-15,2021-11-16,2021-11-17,2021-11-18,2021-11-19,2021-11-20,2021-11-21,2021-11-22,2021-11-23,2021-11-24,2021-11-25,2021-11-26,2021-11-27,2021-11-28,2021-11-29,2021-11-30,2021-12-01,2021-12-02,2021-12-03,2021-12-04,2021-12-05,2021-12-06,2021-12-07,2021-12-08,2021-12-09,2021-12-10,2021-12-11,2021-12-12,2021-12-13,2021-12-14,2021-12-15,2021-12-16,2021-12-17,2021-12-18,2021-12-19,2021-12-20,2021-12-21,2021-12-22,2021-12-23,2021-12-24,2021-12-25,2021-12-26,2021-12-27,2021-12-28,2021-12-29,2021-12-30,2021-12-31,2022-01-01,2022-01-02,2022-01-03,2022-01-04,2022-01-05,2022-01-06,2022-01-07,2022-01-08,2022-01-09,2022-01-10,2022-01-11,2022-01-12,2022-01-13,2022-01-14,2022-01-15,2022-01-16,2022-01-17,2022-01-18,2022-01-19,2022-01-20,2022-01-21,2022-01-22,2022-01-23,2022-01-24,2022-01-25,2022-01-26,2022-01-27,2022-01-28,2022-01-29,2022-01-30,2022-01-31,2022-02-01,2022-02-02,2022-02-03,2022-02-04,2022-02-05,2022-02-06,2022-02-07,2022-02-08,2022-02-09,2022-02-10,2022-02-11,2022-02-12,2022-02-13,2022-02-14,2022-02-15,2022-02-16,2022-02-17,2022-02-18,2022-02-19,2022-02-20,2022-02-21,2022-02-22,2022-02-23,2022-02-24,2022-02-25,2022-02-26,2022-02-27,2022-02-28,2022-03-01,2022-03-02,2022-03-03,2022-03-04,2022-03-05,2022-03-06,2022-03-07,2022-03-08,2022-03-09,2022-03-10,2022-03-11,2022-03-12,2022-03-13,2022-03-14,2022-03-15,2022-03-16,2022-03-17,2022-03-18,2022-03-19,2022-03-20,2022-03-21,2022-03-22,2022-03-23,2022-03-24,2022-03-25,2022-03-26,2022-03-27,2022-03-28,2022-03-29,2022-03-30,2022-03-31,2022-04-01,2022-04-02,2022-04-03,2022-04-04,2022-04-05,2022-04-06,2022-04-07
G0,53409,53496.95255738823,53571.20931380277,53640.646184906735,53708.275115244796,53775.19206366489,53841.855246261475,53908.499721848646,53975.27317325569,54042.281505051425,54109.60511439253,54177.305509264,54245.42865496567,54314.00713056402,54383.06178390505,54452.6031212432,54522.63251982759,54593.14330290128,54664.12169970475,54735.547706576705,54807.39586212212,54879.63594743178,54952.233620785395,55025.150994938,55098.34716391317,55171.778685186946,55245.40002223391,55319.16395161423,55393.02193809855,55466.92448074686,55540.82143236832,55614.662294381196,55688.39648875602,55761.973608452245,55835.3436475398,55908.45721202501,55981.26571226782,56053.72153777806,56125.77821510645,56197.390549496944,56268.51475093499,56339.10854520906,56409.13127059535,56478.54396077627,56547.309414608666,56615.392253366575,56682.75896609283,56749.37794370374,56815.21950249961,56880.25589774014,56944.46132794766,57009.36858468378,57076.00726530267,57145.209925906696,57217.74972973231,57294.40740565004,57376.009999122536,57463.45937965709,57557.758094182886,57660.035957338776,57771.57915327367,57893.8630465841,58028.589727608014,58177.731295302794,58343.579905902574,58528.80563873456,58736.52321891715,58970.36855667576,59234.58587350455,59534.125833768325,59874.75452093794,60263.172212668804,60707.13963316248,61215.607613083535,61798.84380859734,62468.547318382356,63237.93878520977,64121.81012123464,65136.51479823181,66299.87736998558,67631.00042700574,69132.47557671396,70809.00116140085,72662.78217162417,74692.34830493314,76892.13946567161,79252.4305358631,81759.5254633164,84396.1910110331,87142.28798959574,89975.54196379251,92872.38674596495,95808.81418526519,98761.17161937284,101706.86141127368,104624.91246899143,107496.409065653,110304.7758183271,113035.9282819414,115678.30589292578,118222.80810318612,120662.65595647857,122993.20071000516,125211.6990497569,127317.0715789903,129309.65805420319,131190.97965575228,132963.51564603037,134630.49922192493,136195.73526767222,137663.44106176132,139038.10975439553,140324.3955576047,141527.01901763436,142650.69040760756,143700.0491311107,144679.61701491242,145593.76345029072,146446.68048436675,147242.36613986047,147984.61443473253,148677.01076861395,149322.93153145563,149925.54696554065,150487.82647152912,151012.54569103653,151502.2948221733,151959.48773115146,152386.37151369412,152785.03623605994,153157.42464864414,153505.34171697497,153830.4638570546,154134.34779585095,154418.43900464344,154684.07967402486,154932.3847935923,155164.43712572803,155381.2750889354,155583.8857340651,155773.20135719393,155950.09860229425,156115.39920521347,156269.8717737783,156414.2341830799,156549.1562990987,156675.26283911383,156793.13624394566,156903.3194830323,157006.31874468143,157102.60598494357,157193.6920317391,157280.61217080333,157364.11959841425,157444.78942611453,157523.07729377892,157599.3544242048,157673.93000002552,157747.06636472503,157818.98990479848,157889.89915930893,157959.97104166553,158029.36571413703,158098.23046789272,158166.70285272005,158234.91323336505,158302.9869051217,158371.04587046278,158439.21035618047,158507.60013390507,158576.33569432146,158645.5393158346,158715.3360611177,158785.85472939114,158857.22878805036,158929.59730409883,159003.105893538,159077.90770525543,159154.1644549113,159232.04752376152,159311.73913719773,159392.81945668516,159475.0531645032,159558.27783031497,159642.36417279177,159727.20120180838,159812.69009509543,159898.74123773767,159985.27248416241,160072.20795369238,160159.47710473795,160247.01398510835,160334.75661086556,160422.6464470609,160510.62797252083,160598.64831522168,160686.65694740342,160774.60543139474,160862.44720852392,160950.13742462717,161037.63278661243,161124.89144533355,161211.8729007064,161298.53792557472,161384.84850532617,161470.76779068058,161556.26006143534,161641.29069926293,161725.8261679244,161809.8339994929,161893.28278538137,161976.1421711396,162058.38285413603,162139.97658336788,162220.89616075516,162301.11544337144,162380.6093461482,162459.35384466316,162537.32597768639,162614.50384921415,162690.8666297678,162766.39455677834,162841.06893391296,162914.87212923286,162987.78757209852,163059.79974876405,163130.89419662216,163201.05749708065,163270.27726706667,163338.54214916882,163405.841800439,163472.1668798861,163537.50903470188,163601.86088526732,163665.21600899266,163727.56892305068,163788.9150660655,163849.25077882313,163908.5732840723,163966.8806654853,164024.1718458503,164080.44656456666,164135.70535451535,164189.94951837533,164243.18110445703,164295.40288212214,164346.61831685813,164396.8315450736,164446.0473486796,164494.2711295189,164541.50888370397,164587.76717592136,164633.05311375813,164677.37432210302,164720.73891767283,164763.15548371154,164804.63304490707,164845.18104256777,164884.80931009835,164923.52804881168,164961.3478041107,164998.27944207183,165034.3341264588,165069.52329619307,165103.85864330464,165137.3520913847,165170.0157745592,165201.86201699998,165232.90331298826,165263.15230754286,165292.62177762357,165321.3246139185,165349.2738032219,165376.48241140757,165402.96356700113,165428.730445353,165453.7962534124,165478.17421510123,165501.87755728548,165524.91949634065,165547.3132253065,165569.0719016252,165590.20863545625,165610.73647856087,165630.6684137468,165650.01734486516,165668.79608734872,165687.0173592818,165704.69377299063,165721.96129096174,165738.91196081592,165755.61614298265,165772.13224268405,165788.51124779912,165804.7990744507,165821.03795416036,165837.26737362257,165853.5247836485,165869.84617366287,165886.26655857748,165902.8204038465,165919.5420050866,165936.46583401706,165953.62685991297,165971.06085416628,165988.80468445743,166006.89660425656,166025.37654280444,166044.28640031847,166063.67035290043,166083.57517146817,166104.05055898137,166125.1495102711,166146.92869890825,166169.44889575322,166192.77542411574,166216.97865682148,166242.13456093066,166268.32529638862,166295.63987551315,166324.17489094514,166354.0353205148,166385.3354184154,166418.19970313963,166452.76405383254,166489.1769280616,166527.6007155133,166568.21324381122,166611.20945452774,166656.80326954706,166705.2296702447,166756.74701449476,166811.63961931108,166870.22063998334,166932.83527988588,166999.864368715,167071.72835073303,167148.8917286392,167231.8680128979,167321.22523066372,167417.59205273955,167521.66460114022,167634.21400359913,167756.0947644722,167888.25402358963,168031.74177520256,168187.72211764476,168357.48559989673,168542.46272290946,168743.3420217956,168961.10402493554,169196.84082373936,169451.70776727938,169726.90786988375,170023.68376719838,170343.3107590957,170687.08921146273,171056.33580013915,171452.3734030929,171876.51954810522,172330.07337254778,172814.30109288558,173330.42002561552,173879.58125118847,174462.85106823954,175081.19144627318,175735.4397491971,176426.28806749996,177154.26256055097,177919.70326906626,178722.74490744915,179563.2991824942,180441.03920493985,181355.3865600352,182305.50157983738,183290.27731160627,184308.3376029818,185358.03962673683,186437.48104857784,187544.51190512706,188676.75111172086,189831.60736797084,191006.3040807909,192197.9077875467,193403.35944342223,194619.50784330055,195843.1443842038,197071.0383425808,198299.97184239296,199526.77372392383,200748.35158655336,201961.72136685465,203164.03392061498,204352.59819739565,205524.90072249688,206678.62122740538,207811.64439034928,208922.06775876475,210008.20602169726,211068.59188000378,212101.97382443154,213107.31117602196,214083.76677052552,215030.6976800248,215947.6443626729,216834.31861759513,217690.59069895066,218516.47591325894,219312.12098959112,220077.7904751111,220813.85337045573,221520.77018199678,222199.08053225698,222849.39143648723,223472.3663232239,224068.71484986745,224639.1835410984,225184.54725825708,225705.60149152714,226203.15545365325,226678.02594371332,227131.03194184043,227562.98989042226,227974.70961387074,228366.99082724054,228740.62018349027,229096.36880976002,229434.99028444928,229757.21900891184,230063.76893006475,230355.33257298707
G1,0,0.0,0.0,0.026225049995671264,0.09973629019785869,0.23338699035820498,0.4341108104661964,0.7050949291852125,1.0472150625079786,1.4599197827281438,1.9417742248280536,2.4907987199133093,3.104681998843335,3.7809159723187196,4.516880726558373,5.309897742542467,6.157262907660119,7.056266828554342,8.004207323209608,8.998397240361207,10.036169610676613,11.114881379240682,12.231916473793316,13.384688642068243,14.570644286671794,15.787265398173426,17.032072610087038,18.30262835545553,19.596540081928204,20.911463472642872,22.245105618690488,23.59522809206444,24.959649873609198,26.33625009722101,27.722970578583883,29.11781810355949,30.51886645772119,31.924258184300257,33.33220606295015,34.740994306235066,36.14897947464159,37.5545911142407,38.95633212393909,40.35277886160334,41.74258100026358,43.12446114714919,44.49721423951696,45.859706732138605,47.21087559195312,48.54972711578926,49.87533558725387,51.21928098237002,52.60281359594249,54.0431873734888,55.55651107226665,57.15913672575541,58.868465076945455,60.70354089384525,62.68559606068299,64.83861115232857,67.18993261937575,69.77097076611099,72.61800019559969,75.77308402594593,79.2851437847147,83.21119743901102,87.61778781583423,92.5826219968494,98.19643825271021,104.56510958786563,111.81198059032748,120.08041535277819,129.5365069221573,140.3718612897044,152.80632009792697,167.09042592974012,183.50736426925823,202.37404220682208,224.04089522312876,248.88996437787975,277.3307758838953,309.41999050866974,345.25927736935296,384.89693051462206,428.30253771396656,475.3580590297529,525.8561680851386,579.5043650824203,635.934230738995,694.7149206965219,755.3696594924686,817.3938058673917,880.2730641326106,943.500583683204,1006.5919678527181,1069.0975446266352,1130.6115821790715,1190.7784226321187,1249.2957349490703,1305.9152443105834,1360.4413837714937,1412.7283446504866,1462.6759885214956,1510.2250398972178,1555.351917373081,1598.0634924095868,1638.391996665726,1676.3902359113235,1712.1272139489338,1745.6842249111235,1777.151436830293,1806.6249628083765,1834.2043973202456,1859.9907828673934,1884.0849650491589,1906.586290925802,1927.5916052526427,1947.1945008837847,1965.4847826685836,1982.5481079452825,1998.4657708648035,2013.3146019603787,2027.16695841566,2040.0907842479053,2052.149723041179,2063.4032689045184,2073.906943986875,2083.7124931682415,2092.868088490199,2101.418537521147,2109.405491206457,2116.867647866681,2123.840950911282,2130.358778562284,2136.4521244598327,2142.149768474902,2147.6098594916193,2152.923319178307,2158.137584361204,2163.2726768740386,2168.331985792616,2173.3094180532307,2178.1940657286527,2182.9731847796347,2187.6340342020076,2192.164953567942,2196.555938291303,2200.7988896815077,2204.887659931858,2208.817972905092,2212.5872745527263,2216.2404159181247,2219.805890282781,2223.3030965702733,2226.7461334421896,2230.145836726984,2233.5109210735495,2236.848656940267,2240.1652991669853,2243.466376648211,2246.756899738721,2250.04151572597,2253.3246294717596,2256.6104995092883,2259.903316234515,2263.207266773557,2266.5265898709536,2269.8656233488805,2273.22884614525,2276.620916551154,2280.0467079822965,2283.5113434044606,2287.020229371158,2290.579090510209,2294.194005206889,2297.871443168473,2301.6183055141983,2305.4419680126243,2309.3503280827094,2313.351856183863,2317.4556522425114,2321.6396685283453,2325.891378859222,2330.2020177575537,2334.5645289910467,2338.972799943836,2343.4213477774647,2347.905169041441,2352.4196521745466,2356.9605171814555,2361.523769298241,2366.1056613826277,2370.7026626209295,2375.311432227212,2379.928797262915,2384.5517339253765,2389.1773517823126,2393.802880517347,2398.425658818675,2403.043125096896,2407.6528097628448,2412.2523288339844,2416.839378670028,2421.4117316658826,2425.9672327535427,2430.503796584824,2435.0194052842844,2439.512106676768,2443.9800129070727,2448.421299380549,2452.834203963247,2457.217026388759,2461.5681278263087,2465.885930571082,2470.1689178234133,2474.4156335283246,2478.6246822511907,2482.7947290690227,2486.924499460115,2491.012779177651,2495.0584140953374,2499.0603100153216,2503.0174324305385,2506.9288062353057,2510.7935153794288,2514.61070246236,2518.3795682650502,2522.0993712181057,2525.7694268057044,2529.3891069054403,2532.957839064909,2536.4751057163744,2539.9404433313252,2543.3534415171202,2546.713742058247,2550.021037904995,2553.2750721125617,2556.4756367337973,2559.6225716689155,2562.7157634756136,2565.7551441431056,2568.7406898336117,2571.6724195948673,2574.5503940471954,2577.3747140486666,2580.145519341817,2582.8629871853313,2585.5273309740246,2588.138798850357,2590.697672310628,2593.2042648088786,2595.6589203614126,2598.062012154734,2600.4139411595597,2602.7151347534386,2604.9660453543806,2607.1671490677486,2609.3189443485435,2611.4219506810637,2613.4767072777927,2615.4837717992227,2617.443719096196,2619.3571399762086,2621.224639994992,2623.046838274565,2624.8243663488174,2626.5578670375776,2628.2479933499867,2629.895407417905,2631.5007794599587,2633.064786776733,2634.5881127775224,2636.071446038955,2637.5154793957095,2638.9209090634745,2640.2884337942023,2641.618754063646,2642.912571291092,2644.1705870911346,2645.3935025572787,2646.5820175770928,2647.736830178592,2648.858635907467,2649.9481272347452,2651.00599299441,2652.0329178504867,2653.02958179305,2653.9966596625936,2654.9348207021612,2655.8533506904996,2656.758418591305,2657.6545111132095,2658.5451307487233,2659.433161973872,2660.32108094076,2661.211086429526,2662.1051879726174,2663.0052687611956,2663.9131326570237,2664.830540675879,2665.7592402800046,2666.700989691002,2667.6575787603356,2668.6308475055052,2669.6227031349977,2670.6351361909487,2671.670236304546,2672.730207966863,2673.817386654924,2674.934255611299,2676.083463549889,2677.2678435470384,2678.4904333730365,2679.7544975227947,2681.0635512147287,2682.421386642992,2683.8321017897647,2685.3001321311153,2686.8302856020755,2688.427781224178,2690.098291842073,2691.84799146542,2693.6836077685293,2695.612480363818,2697.642625536706,2699.782808209908,2702.0426219949522,2704.4325782890696,2706.9642054872875,2709.650159503507,2712.504346931517,2715.542062328113,2718.780141266518,2722.237130989674,2725.933480689942,2729.891753654119,2734.136863739637,2738.696338887687,2743.600614628989,2748.883360793658,2754.581844891709,2760.737335876265,2767.3955522250994,2774.6071584612146,2782.4283143577845,2790.921281108364,2800.1550886530545,2810.2062680885892,2821.159652596513,2833.056138152189,2845.9539203255763,2859.9178082470007,2875.016363194908,2891.320974662617,2908.905383477363,2927.8452692105066,2948.2177994993826,2970.101110654431,2993.573708052507,3018.71378081485,3045.598428192637,3074.302797518354,3104.8991361962717,3137.455763162182,3172.035968551817,3208.696853926025,3247.4881292126834,3288.4508864058153,3331.61637384102,3377.004798341463,3424.624185475677,3474.4693303512913,3526.5208725557636,3580.7445288369295,3637.0905157256125,3695.4931914346353,3755.870941997639,3818.1263308036587,3882.1465236044814,3947.803992983068,4014.9574975202095,4083.453321896791,4153.126755373414,4223.803777957581,4295.302916533736,4367.437227665599,4440.0163599672815,4512.848647054595,4585.743182185625,4658.51182771452,4730.971116238048,4802.944005541826,4874.261455815238,4944.763804724053,5014.301923419933,5082.738144054022,5149.946956513896,5215.8154786401665,5280.243709887983,5343.144583136062,5404.443833037103,5464.079701936539,5522.002506002938,5578.1740848968175,5632.56715816909,5685.164610758589,5735.958728590701,5784.950403506068,5832.148324701362,5877.568171662313,5921.231821315068,5963.166579900442,6003.404447953359,6041.981424796327,6078.936857164712,6114.312834992886,6148.153636012341,6180.505219644734,6211.41476970642,6240.93028466327,6269.10021356874,6295.973135365706,6321.597478914066,6346.02128090229,6369.291978693374,6391.456235126882,6412.559792333082,6432.647351698839,6451.762477245461,6469.94751982584,6487.243559713041
G2,0,0.0,0.0,0.0,0.0007155119471376305,0.003366554723454776,0.009461569478433737,0.02066415595574131,0.03871290200746121,0.06537044963968212,0.10238942544796562,0.15148882164973948,0.21433714186601688,0.2925400015695966,0.3876306845638392,0.5010626872290856,0.6342036401561191,0.7883302362545461,0.9646239505977208,1.1641674356343146,1.3879415346046966,1.6368228893601304,1.9115821355394425,2.2128826844772873,2.5412800914593063,2.8972220067102197,3.2810487005301403,3.6929941483618856,4.133187655933409,4.601655999357229,5.098326050392644,5.6230278530884785,6.175498114760224,6.755384071712445,7.3622476882690435,7.995570146481085,8.654756583298091,9.339141031963752,10.047991524879036,10.780515316111918,11.53586418307077,12.313139768545396,13.111398926304487,13.929659035670298,14.766903252922194,15.62208566996331,16.494136353374603,17.381966239736293,18.284471865879247,19.20053991550285,20.129051566329327,21.09314401644295,22.109206182155344,23.191397949195228,24.353746810629904,25.611221261927295,26.980407128112002,28.480060407115207,30.131657533781404,31.960001505490585,33.99391880495055,36.26707479422431,38.818934616642714,41.69589867547032,44.95264479948845,48.65371242299149,52.87536686575601,57.70778337339223,63.257590002306344,69.65080438867264,77.03619018245257,85.58904224682857,95.51538298875109,107.05651252080462,120.49380002920228,136.15353084890728,154.411533331088,175.6972049319522,200.49644622801392,229.35290915939007,262.8668927583493,301.2488488627094,344.7791888675015,393.6880583465845,448.11971884952925,508.11498141553585,573.6011851520819,644.3885247117821,720.1726893365058,800.543475505824,884.9985435500099,972.9610946711211,1063.8000259845367,1156.851084574886,1251.4376594003854,1346.8900772064644,1442.5625562003393,1537.8472747010085,1632.1852968652888,1725.074341107416,1816.0735671575885,1904.805691961717,1990.9568263302124,2074.2744608561447,2154.5640304695885,2231.684461718891,2305.543064394386,2376.0900770461994,2443.313120343581,2507.231757556909,2567.892310766493,2625.3630365624294,2679.7297268924126,2731.091769527135,2779.5586780432673,2825.2470826606395,2868.278159935322,2908.7754703649025,2946.863167580139,2982.66454021189,3016.3008470542654,3047.890407213436,3077.54790905584,3105.3839045635073,3131.504458867129,3156.0109280323327,3178.999841456298,3200.5628683759405,3220.7868509209047,3239.753888821157,3257.5414632798293,3274.222589643779,3289.8659903554694,3304.5362812663247,3318.294165754349,3331.196632240566,3343.2971516634343,3354.6489519390248,3365.3034560448787,3375.3093825379046,3384.712292164538,3393.554426308744,3401.874729910201,3409.7089855253976,3417.090009334951,3424.0478767291847,3430.6101566913126,3436.8021420837176,3442.647068244861,3448.166315818199,3453.3795960205643,3458.355904692725,3463.1430771535966,3467.7768261729884,3472.285364875005,3476.6918809051813,3481.0159543068185,3485.2744430796415,3489.48208781433,3493.6519572479156,3497.795795410081,3501.92430218088,3506.047365355616,3510.1742556060694,3514.3137922668916,3518.474485929067,3522.6646626021093,3526.8925733584992,3531.166492737594,3535.494808687375,3539.8861064241146,3544.3492482716706,3548.893451290306,3553.528364309877,3558.2641458361463,3563.1115441955126,3568.081981217394,3573.1876407207337,3578.4415630683134,3583.8577470773785,3589.4512606257667,3595.1961463603757,3601.0786081799233,3607.0893357569703,3613.220827935681,3619.4664421222533,3625.8200399152324,3632.275839427153,3638.8283403633764,3645.4722760557447,3652.2025769062734,3659.0143399885865,3665.9028029915926,3672.8633217970855,3679.8913513161524,3686.982429297512,3694.1321628399846,3701.336217346675,3708.59030766552,3715.890191172287,3723.23166256707,3730.61055017237,3738.022713538673,3745.4640421811964,3752.9304552885355,3760.4179022600115,3767.922363943396,3775.439854458307,3782.9664235029613,3790.4981590531656,3798.0311903725137,3805.561691261824,3813.0858834839955,3820.6000403077533,3828.10049012031,3835.5836200648555,3843.0458796640655,3850.483784395584,3857.893919189719,3865.2729418234594,3872.6175861884226,3879.924665413506,3887.191074825894,3894.413794736677,3901.589893039711,3908.716527614508,3915.79094852591,3922.8105000150936,3929.7726222780752,3936.6748530293826,3943.514828849897,3950.2902863191057,3956.999062933108,3963.6390978107293,3970.208432191,3976.705209726066,3983.1276765743246,3989.4741812992293,3995.743174579765,4001.933208739094,4008.042937098305,4014.0711131625553,4020.0165896472026,4025.878317351779,4031.6553438898395,4037.346812282882,4042.951959426626,4048.470114437996,4053.900696891181,4059.243214951116,4064.4972634126852,4069.6625216538605,4074.7387515108785,4079.725795083425,4084.6235724776307,4089.4320794945056,4094.1513852712383,4098.78162988257,4103.323021909223,4107.775835980119,4112.140410294882,4116.417144132831,4120.606495354444,4124.708977900948,4128.725159297468,4132.655658164836,4136.5011417449305,4140.262323444099,4143.939960398949,4147.534851068535,4151.0478328566705,4154.47977976783,4157.831600099866,4161.104234176467,4164.298652122077,4167.415851681704,4170.456856087851,4173.422711976533,4176.314487354161,4179.133269616816,4181.880163623257,4184.556289822827,4187.16278243916,4189.700787710509,4192.1714621872625,4194.575971087096,4196.915486708037,4199.191186899574,4201.404253591819,4203.571331572079,4205.703717150449,4207.810102517712,4209.8977672095925,4211.973127009383,4214.042014031476,4216.109841047223,4218.1817129789015,4220.262511871179,4222.356966807487,4224.469714195396,4226.605351339461,4228.768485135641,4230.963777213118,4233.195986581334,4235.470010679002,4237.790925614584,4240.164026312198,4242.594867223667,4245.0893042317675,4247.65353834913,4250.294161810111,4253.018207158204,4255.833199948564,4258.7472157136,4261.7689418791915,4264.907745370079,4268.173746705722,4271.5779014629625,4275.132090070034,4278.8492169987385,4282.743320539357,4286.8296944773865,4291.1250231443,4295.647531488108,4300.417152005736,4305.455710600549,4310.787133677453,4316.437679067786,4322.436193689779,4328.814401201246,4335.607223292588,4342.853138704093,4350.594584535189,4358.878404948426,4367.7563529604595,4377.285651658756,4387.529621887513,4398.558384209489,4410.449643769874,4423.2895675589525,4437.173764483188,4452.208379594904,4468.5113147777665,4486.213589108016,4505.46085296761,4526.415070717809,4549.256387274164,4574.185194156979,4601.4244103972,4631.090759072547,4663.345672973855,4698.368970702691,4736.351985330905,4777.495520596282,4822.008923660661,4870.109319061312,4922.020746614448,4977.973123967625,5038.201000901927,5102.94208599796,5172.435532080883,5246.919971447534,5326.631296968672,5411.800191214117,5502.649412870546,5599.390857872043,5702.2224217104695,5811.324699117909,5926.857567410606,6048.956709861123,6177.730145053274,6313.254836742177,6455.573465722813,6604.691450035306,6760.574301971417,6923.145409343431,7092.284324007947,7267.825632543582,7449.5584723011825,7637.2267410326385,7830.530030433727,8029.125293884984,8232.629237289402,8440.621400152959,8652.647872956411,8868.225577434565,9086.847019540062,9307.985411404316,9531.100049102899,9755.64182783864,9981.05877537695,10206.801488064913,10432.328361177008,10657.110516110193,10880.636340417159,11102.415572053058,11321.982875723137,11538.900876082032,11752.76262903972,11963.19352796006,12169.85265560051,12372.433604870968,12570.664801652305,12764.309370902125,12953.164593088399,13137.061001726097,13315.861174615475,13489.458271513457,13657.774369664034,13820.75864613674,13978.385452540833,14130.652323650882,14277.577957029733,14419.20019607307,14555.574044200432,14686.769733324078,14812.870865351248,14933.972641400169,15050.180189692232,15161.606999755888,15268.373467656595,15370.60555445059,15468.433557935237,15561.99099601298,15651.41359857129,15736.838403674956,15818.402953035644,15896.244581132058,15970.499791968725,16041.303717250172,16108.789649680346
G3,0,0.0,0.0,0.0,0.0,5.019521777646727e-06,2.8467883689100174e-05,9.415293337032098e-05,0.0002374867417571953,0.0005061794284777342,0.000960575321756447,0.001673725536760973,0.0027312585496833443,0.004231089433827682,0.006282994626711016,0.009008070431235552,0.012538088409417307,0.01701475817576964,0.02258890692341863,0.029419584689447557,0.03767310447792019,0.047522026655216,0.05914409736048813,0.07272115094707707,0.08843798664201981,0.10648122965873255,0.12703818691591895,0.15029570730615238,0.1764390561280597,0.20565081285728615,0.23810980089585188,0.2739900573204145,0.3134598499610467,0.35668074839722597,0.40380675467048466,0.4549834986969326,0.5103475025305021,0.5700255167915176,0.6341339317465172,0.702778264714727,0.7760527246937737,0.8540398543506005,0.9368102488204374,1.0244223501032006,1.1169223152477625,1.2143439559738545,1.3167087469014813,1.424025899140055,1.5362924956343833,1.6534936843716008,1.775602925320663,1.9060301613817647,2.047394747464392,2.202141983184933,2.372847235149776,2.562388327404663,2.7740702774664983,3.0117410731209415,3.2799171358613615,3.58392896020041,3.930094627017704,4.325928471973979,4.780392844338202,5.304202071529323,5.910189217249689,6.613747861817753,7.43336283030248,8.391245396144953,9.514089767759447,10.833968285827314,12.38938223909389,14.226482893398517,16.4004723811413,18.977185501453157,22.034840115474182,25.66592461678345,29.979165165267723,35.101482969854516,41.179814112673704,48.3826242413654,56.900913140003766,66.83243703699631,78.29903248529159,91.41469151003544,106.27490357142753,122.95026845436698,141.48173922300873,161.87731626110855,184.11034975836526,208.1195390216564,233.81057478965963,261.05923553194754,289.7156473225426,319.6093584047975,350.55486340125844,382.3572316308615,414.81753946771727,447.7378677235832,480.92569225345255,514.1975618654998,547.3820168767968,580.3217511313321,612.8750586152522,644.9166329591319,676.3378050365386,707.0463120353519,736.9656925263433,766.0343979400984,794.204703119162,821.4414886514644,847.7209566701009,873.0293306161227,897.361578751385,920.7201914083631,943.114033325594,964.55728505349,985.0684813341795,1004.6696494968166,1023.3855471563547,1041.2429957236234,1058.2703042825085,1074.4967771224615,1089.9522974967467,1104.6669798875496,1118.6708830927282,1131.9937767163158,1144.6649540723113,1156.7130850397953,1168.1661029908312,1179.0511205159146,1189.3943692692014,1199.2211598292745,1208.5558580088307,1217.4218745411436,1225.8416655189021,1233.8367413611343,1241.4276824373785,1248.6341597873984,1255.4749795325115,1261.9681103253538,1268.1307066820614,1273.97913274822,1279.5289876859727,1284.795132607718,1289.7917185905385,1294.5322152550893,1299.0294394602581,1303.29558376054,1307.3422443634195,1311.1804483991214,1314.8206803739517,1318.3031686332008,1321.655844125686,1324.8999429447756,1328.0527112719096,1331.1287568700018,1334.140772925418,1337.099969789733,1340.0163671232133,1342.8990147081004,1345.7561723077256,1348.5954623600599,1351.4240022622828,1354.2485201213296,1357.0754566891992,1359.9110557191732,1362.7614447354765,1365.6327080383933,1368.530953614938,1371.462375479994,1374.4333128364956,1377.4503073206877,1380.5201594939101,1383.6499856581727,1386.8472760101276,1390.1199551070006,1393.4764455982145,1396.9257361772334,1400.4774547289705,1404.1419476885594,1407.9303666872177,1411.828903263706,1415.8311914629123,1419.9333514510909,1424.1323350406622,1428.4253910641783,1432.809901909909,1437.2833371992429,1441.8432405214567,1446.4872228903962,1451.2129557430392,1456.0181623130431,1460.9006078513073,1465.8580894227125,1470.8884258833534,1475.9894484540168,1481.158992143036,1486.394888151293,1491.6949573092627,1497.0570045416555,1502.4788143212668,1507.9581470537319,1513.4927363244285,1519.080286934511,1524.7184736527765,1530.4049406122206,1536.1373012836982,1541.9131389634272,1547.730007715651,1553.5854337164028,1559.476916948758,1565.4019332041726,1571.3579363484043,1577.3423608141015,1583.352624285425,1589.3861305430437,1595.4402724405477,1601.5124349857783,1607.5999985027975,1613.700341852247,1619.8108456896941,1625.9288957432493,1632.0518860932962,1638.1772224386038,1644.3023253344168,1650.4246333893484,1656.541606409057,1662.6507284757577,1668.7495109536333,1674.8354954111712,1680.906256452344,1686.9594044494143,1692.992588170956,1699.0034972994506,1704.9898648335554,1710.9494693708375,1716.88013726743,1722.7797446717022,1728.646219429634,1734.4775428601522,1740.2717513992352,1746.0269381120938,1751.7412540732264,1757.4129096145975,1763.040175442617,1768.6213836249983,1774.1549284489445,1779.6392671524595,1785.0729205309033,1790.4544734212034,1795.782575066406,1801.0559393634983,1806.273344997653,1811.4336354662496,1816.5357189961965,1821.578568358246,1826.561220582116,1831.4827765763534,1836.342400656971,1841.1393199889606,1845.8728239448494,1850.5422633845087,1855.1470498604451,1859.6866547528264,1864.1606083384806,1868.5684987981003,1872.9099711658505,1877.1847262255426,1881.392519357485,1885.5331593400629,1889.606507110028,1893.612474485409,1897.5510228548603,1901.4221618371832,1905.225947914654,1908.9624830436908,1912.6319132462893,1916.2344271855382,1919.7702547284237,1923.2396654990043,1926.6429674249277,1929.9805052801362,1933.2526592264876,1936.4598433568974,1939.602504242484,1942.6811194860775,1945.6961962843313,1948.648270000554,1951.5379027502595,1954.3846814867104,1957.2018208663872,1959.999604964981,1962.7868376593751,1965.5714806305173,1968.3609609675498,1971.1623435942415,1973.9824469547605,1976.8279333728394,1979.7053868094176,1982.621383427176,1985.5825575541476,1988.5956645725569,1991.6676418590564,1994.8056687498542,1998.0172264418648,2001.3101587129916,2004.6927343327366,2008.173712033821,2011.7624089261476,2015.4687732571585,2019.30346245862,2023.2779274701977,2027.4045043959693,2031.696514632379,2036.168374706339,2040.835717181695,2045.7155241327996,2050.826274847516,2056.188109610966,2061.82301163851,2067.7550094749554,2074.0104024605566,2080.6180121870693,2087.609463233775,2095.019496889249,2102.8863220357234,2111.2520079058304,2120.1629240236753,2129.6702333217218,2139.830445190708,2150.7060360813584,2162.36614624427,2174.887362278832,2188.354596374584,2202.8620744802943,2218.514447138186,2235.428038383268,2253.732249938922,2273.5711399453803,2295.1051976387967,2318.513337750431,2343.9951409045066,2371.773368934145,2402.096786766019,2435.2433252832902,2471.5236222727267,2511.2849810695575,2554.9157886613407,2602.8504365716067,2655.3491915149484,2712.756063826784,2775.45326531199,2843.8498676960876,2918.378942465747,2999.496629466957,3087.681442572131,3183.433354342924,3287.2725137995476,3399.7375299672194,3521.383274214411,3652.7781614619107,3794.5008757542064,3947.1365125427187,4111.272119220476,4287.491627242417,4476.37018360864,4678.467906470231,4894.323108874132,5124.445055758665,5369.306341624586,5629.334999032693,5904.906470242015,6196.33559478719,6503.868783395747,6827.676562139587,7167.846678933998,7524.377966425239,7897.175150167682,8286.044778331221,8690.692428936663,9110.721323160551,9545.632439392246,9994.826183691965,10457.605629670927,10933.18129643856,11420.677389128037,11919.139384627153,12427.542807397158,12944.803008308389,13469.785734567913,14001.318261955252,14538.20085215796,15079.218297991414,15623.151327249907,16168.78765105063,16714.932463687313,17260.41822689272,17804.11360059898,18344.931413346123,18881.835597052563,19413.84704168865,19940.04835443011,20459.5875342674,20971.68059619141,21475.61319857012,21970.74134298781,22456.49122763621,22932.358343477437,23397.905907114946,23852.762725971545,24296.62059039959,24729.231284180914,25150.403299960035,25559.998339923564,25957.927674890518,26344.148427269964,26718.65983538432,27081.499548708613,27432.739995848522,27772.484859735694,28100.865687677207,28418.03865763709,28724.181516499237,29019.490701081686,29304.17864833896,29578.47129748119,29842.605783622337,30096.8283200018,30341.39226375584,30576.556358595655,30802.58314652557
D0,768,768.0,768.2247515782611,768.7002953108574,769.3886992753194,770.2432802030445,771.223511901625,772.2976097863653,773.4416704175158,774.6381068721307,775.8741687983412,777.1407280808062,778.4313318652733,779.7414800643402,781.068080269501,782.4090394930037,783.7629602841881,785.1289159981247,786.506285856018,787.8946350238376,789.2936284737945,790.7029701048046,792.1223606691764,793.5514696313106,794.9899172852474,796.437264370149,797.8930071144675,799.356576162901,800.8273382353859,802.3045996649787,803.7876111850217,805.2755735034019,806.7676433266711,808.2629395897413,809.7605497157379,811.2595357813956,812.7589405007178,814.2577929669088,815.7551141124641,817.2499218617089,818.7412359604754,820.2280824751042,821.7094979583468,823.1845332836316,824.6522571519744,826.1117592778742,827.562153262068,829.002579160179,830.4322057571925,831.8502325584095,833.2558915081071,834.6484484476063,836.0272043248415,837.3944838063279,838.7557564297612,840.1190181427291,841.4941558223234,842.8924922846189,844.326531296993,845.8098730703181,847.3572655504787,848.9847642330527,850.7099825948568,852.5524235188997,854.5338887631556,856.6789687890126,859.0156194369314,861.5758352586404,864.3964319120969,867.5199518918666,870.9957088594882,874.8809856608071,879.24239930771,884.157442114993,889.7162009874224,896.0232455515214,903.1996593322257,911.3851654503128,920.7402686295638,931.4482985971172,943.7171973500622,957.7808470857553,973.8996919121952,992.3268350783618,1013.2972158847124,1037.019566749057,1063.668134258588,1093.374275294508,1126.218642110231,1162.2247454268731,1201.3545879537867,1243.5068702933136,1288.5180252364282,1336.1660715172363,1386.1770297471105,1438.2334409612336,1491.9843911477171,1547.0563805937284,1603.0643812939734,1659.6224872896535,1716.353665224336,1772.8982378748292,1828.9208655410166,1884.1159156360955,1938.211220166628,1990.9703085169847,2042.1932669956173,2091.7164175995904,2139.411028904064,2185.1812754487974,2228.9616524523053,2270.7140340404244,2310.424538937839,2348.100340671823,2383.766532069572,2417.4631278602374,2449.2422656248145,2479.1656448060157,2507.3022262605455,2533.7262008983657,2558.5152251099967,2581.748912619172,2603.507566739207,2623.8711333634765,2642.918353000297,2660.726089416662,2677.3688126705288,2692.918215219571,2707.4429411729225,2721.0084104219386,2733.676721205847,2745.5066165318112,2756.5535016985127,2766.8695019137376,2776.5035506143495,2785.501500571054,2793.906251181291,2801.7578865204923,2809.0935675053092,2815.947695577814,2822.352162328797,2828.3366015904594,2833.9286124437326,2839.1539461755583,2844.0366605320382,2848.5992478683265,2852.8627438608196,2856.8468222992324,2860.5698800626287,2864.049115108888,2867.3005993044053,2870.3393471973577,2873.1793813511335,2875.835849528396,2878.3249776578923,2880.6634054089905,2882.867500584768,2884.9528407939106,2886.933887927907,2888.823824685374,2890.6345100109324,2892.376514179258,2894.059202689908,2895.690846608363,2897.2787440168186,2898.8293425833226,2900.3483571191437,2901.840878682487,2903.311473598582,2904.76427194634,2906.203045798168,2907.6312779311274,2909.0522219546956,2910.468954893861,2911.884423275606,2913.3014837259707,2914.722939016696,2916.1515704200738,2917.5901671478127,2919.0415535704665,2920.508614841832,2921.994321489539,2923.5017534796184,2925.032945439954,2926.588809256222,2928.1693440749523,2929.773882164096,2931.4012995801986,2933.0501791135816,2934.7189303226687,2936.405875248652,2938.1093080057444,2939.8275350002677,2941.5589010379967,2943.3018053075652,2945.0547102178703,2946.816145289609,2948.5847077113385,2950.359060727496,2952.1379306953836,2953.920103403133,2955.7044200600703,2957.489773238701,2959.275102951492,2961.0593929765064,2962.8416674968094,2964.6209880841366,2966.396451033711,2968.167185041358,2969.9323492040326,2971.6911313188893,2973.442746452937,2975.18643575421,2976.9214654756242,2978.647126183825,2980.3627321269873,2982.0676207375204,2983.7611522477473,2985.4427093987692,2987.1116972248387,2988.7675428975504,2990.409695616046,2992.037626531157,2993.6508286929925,2995.2488170129277,2996.8311282322393,2998.397320890802,2999.9469752903033,3001.479693447358,3002.995099032727,3004.492837293573,3005.972574956326,3007.4340001082983,3008.876822056684,3010.3007711640075,3011.7055986594733,3013.091076425988,3014.4569967629195,3015.8031721248976,3017.1294348371734,3018.435636788234,3019.721649100523,3020.987361780234,3022.2326833472644,3023.4575404464804,3024.661877441531,3025.8456559924844,3027.0088546186025,3028.1514682475936,3029.2735077526922,3030.374999478921,3031.455984759884,3032.5165194264223,3033.556673308448,3034.5765297312387,3035.5761850074555,3036.5557479260947,3037.515339239557,3038.45509114997,3039.3751467958527,3040.275659740164,3041.1567934607315,3042.018720843998,3042.861623682981,3043.68569218028,3044.491124456918,3045.278126067756,3046.046909524154,3046.7976938245165,3047.530703993296,3048.24617062899,3048.9443294616094,3049.625420920051,3050.289689709765,3050.937384401058,3051.5687570283317,3052.184062700517,3052.7835592229176,3053.3675067306467,3053.9361673338008,3054.489804774474,3055.028684095695,3055.5530713223247,3056.063233153933,3056.5594366696423,3057.0419490448935,3057.511037280077,3057.9669679409362,3058.4100069106426,3058.840419153407,3059.258468489488,3059.664654341763,3060.0597139220704,3060.444559238936,3060.8202088012713,3061.1877320231174,3061.548209188983,3061.9027049884658,3062.252252571109,3062.5978452895597,3062.9404338501417,3063.2809271472775,3063.6201955256306,3063.9590755779477,3064.2983758601476,3064.6388831065765,3064.981368674556,3065.3265950524215,3065.6753223400233,3066.0283146634415,3066.38634652257,3066.750209095897,3067.1207165445853,3067.498712370348,3067.8850758904496,3068.280728899769,3068.6866425952217,3069.10384484267,3069.5334278713067,3069.9765564857425,3070.4344768920023,3070.90852624059,3071.4001429978844,3071.9108782666135,3072.4424081871775,3072.9965475642985,3073.5752648781004,3074.180698855408,3074.815176796013,3075.4812348701257,3076.181640627425,3076.919417985276,3077.6978749941118,3078.5206347118838,3079.3916695572043,3080.3153395525474,3081.2964349149447,3082.340223502164,3083.452503677566,3084.6396632167425,3085.9087449435397,3087.2675198518778,3088.7245685423627,3090.2893718780615,3091.972411840662,3093.785283644468,3095.7408202385077,3097.8532303925745,3100.1382516161348,3102.6133191929252,3105.297752619981,3108.2112398544823,3111.3736675202927,3114.8052384222656,3118.5266171317558,3122.559044830107,3126.9244138020526,3131.6453030523517,3136.7449781488986,3142.247357859778,3148.1769492921508,3154.5587525077613,3161.4181350784174,3168.7806767619813,3176.67198441268,3185.117477373944,3194.1421439230417,3203.7702698300454,3214.0251407428364,3224.928720895023,3236.501311529575,3248.7611934058314,3261.7242587722258,3275.4036391951536,3289.809336582996,3304.947865575743,3320.8219161251036,3337.4300455088296,3354.7664091529296,3372.8205394326696,3391.577181057925,3411.016190708212,3431.112507275878,3451.8361974326326,3473.152579307026,3495.0224249207845,3517.402239768615,3540.2446156390088,3563.4986505674474,3587.1104277910053,3611.023543828753,3635.1796744245726,3659.5191661170115,3683.9816406802256,3708.50659962138,3733.0340163090536,3757.504904107551,3781.8618500479893,3806.049505008816,3830.015023027117,3853.7084441353386,3877.0830169348314,3900.095458902869,3922.706154117763,3944.879289623495,3966.582933000205,3987.7890548328605,4008.47350066336,4028.615917669096,4048.1996417416112,4067.2115508585875,4085.641890673316,4103.484078114284,4120.734488521957,4137.392231479133,4153.458920043266,4168.938437590009,4183.836705950098,4198.161457986756,4211.922017234872,4225.129086719546,4237.794548600457,4249.931275856987,4261.552956841637,4272.673933188352,4283.309051268122,4293.473527135755,4303.182824706559,4312.452546736896,4321.2983380544965,4329.73580038914
D1,0,0.0,0.0,0.0,0.0,5.0332935069081855e-05,0.0002601147773182744,0.000779838458362227,0.0017781324476101312,0.0034221990861191846,0.005864536082320728,0.009235487725888997,0.013640215539170778,0.019158631838030238,0.025847108343785015,0.033741097249117606,0.04285808751730391,0.05320053901522236,0.06475859378008222,0.07751246891920739,0.09143450226289013,0.10649086122002992,0.1226429461976257,0.139848528988521,0.15806266832817034,0.17723844250682788,0.19732753454734395,0.21828070030292,0.2400481446528953,0.262579826191602,0.28582570660893336,0.3097359574105091,0.33426113370193955,0.3593523224072446,0.38496127043038414,0.41104049682218113,0.4375433919080069,0.46442430549786007,0.49163862568275374,0.5191428492719401,0.5468946446055035,0.5748529072549659,0.6029778089760345,0.6312308401831346,0.6595748461599591,0.6879740571925055,0.7163941128022931,0.7448020802611865,0.7731664675806853,0.8014572311841793,0.8296457784879852,0.8577049656342081,0.8856090906344043,0.9133961417471651,0.9411705440716156,0.9690904992206442,0.9973549184151952,1.0261940632249809,1.0558643140491775,1.0866464674833995,1.1188468555320794,1.152800732208533,1.188877566504378,1.2274880517717537,1.2690927795281945,1.3142126347829806,1.3634410567153448,1.4174583779038137,1.4770485097917074,1.5431182813977988,1.6167197592344407,1.699075872564198,1.7916096295284307,1.895977122433563,2.0141043667034935,2.1482277763011104,2.300937725380273,2.475224159260508,2.674522581698208,2.9027579585208345,3.1643831636988327,3.4644076135512543,3.8084107963226135,4.20181760246369,4.649666720031079,5.15643825119769,5.725876104846737,6.360807579313676,7.062975446459804,7.832899464373968,8.669782184278015,9.571469844341292,10.53447387711533,11.55405287974366,12.624349569517875,13.73857290417163,14.8892125986956,16.068271876454624,17.26750437666772,18.478642452431213,19.69360628221758,20.904685903121234,22.10469110444327,23.287066809604827,24.445973920012882,25.576337477683918,26.67386537953541,27.735041758562364,28.757099588802525,29.737977148242148,30.676262771776223,31.571131928658673,32.422280140766,33.22985468237296,33.99438741820964,34.71673058012729,35.39799677750192,36.03950409622342,36.64272677148213,37.209251620423146,37.740740187893664,38.23889638525057,38.70543928050404,39.14208061952138,39.5505066143981,39.93236351884373,40.28924651481515,40.622691453910626,40.93416902643826,41.22508096674172,41.49675794228643,41.750458813892166,41.98737099367066,42.20861166452414,42.415229659724126,42.608207832678225,42.78846577530723,42.95686276847231,43.11445310410139,43.26245587170542,43.40214213033532,43.534725628390426,43.661286126903924,43.782728621712565,43.89977183300086,44.01295692488055,44.12266821747918,44.22915952152115,44.33258167937404,44.43300854847921,44.53045991176848,44.62492067042942,44.71635623792848,44.80481242055372,44.890422291524,44.97338368045992,45.053932578736415,45.132321083223154,45.20880168884473,45.28361727158822,45.35699544769182,45.4291460276208,45.50026052776969,45.57051297073768,45.64006143314941,45.709049975317576,45.777610714644446,45.84586589440706,45.913929861131294,45.98191090506869,46.04991294537882,46.118037058891346,46.186382861914616,46.255049760677636,46.32413808917285,46.393750154466936,46.4639912096903,46.53497037439442,46.60680152111088,46.67960414597484,46.753504240332674,46.82863517942882,46.90513864361702,46.98310447896543,47.06256625194921,47.143511722386584,47.22589523935235,47.30964838380081,47.39468820301254,47.4809232766272,47.56825804899934,47.65659584263382,47.74584089395927,47.835899676761294,47.92668171416774,48.01810002907063,48.110071343688354,48.20251610932683,48.29535842516484,48.38852588831744,48.48194940514541,48.57556298471923,48.66930352870479,48.7631106271044,48.85692636579822,48.95069514934132,49.04436354071928,49.13788011855482,49.231195351443965,49.32426148857368,49.4170324654524,49.509463823411416,49.60151264146384,49.693137479106646,49.78429832869661,49.874956576105795,49.96507496845418,50.05461758781764,50.14354982991287,50.2318383868629,50.31945123324466,50.40635761471289,50.492528038580026,50.57793426581156,50.66254930396764,50.74634740068772,50.82930403737336,50.91139592277749,50.99260098625529,51.07289837047417,51.152268423417205,51.23069268954779,51.30815390003218,51.38463596194241,51.46012394638441,51.53460407551622,51.60806370843811,51.68049132595152,51.751876514196816,51.82220994719072,51.89148336829419,51.95968957064926,52.02682237663045,52.09287661636177,52.157848105355185,52.22173362132984,52.28453088027443,52.346238511817056,52.4068560339684,52.46638382730503,52.52482310865972,52.58217590438588,52.63844502326236,52.69363402910421,52.74774721314351,52.800789566243296,52.85276675100536,52.90368507383125,52.95355145699328,53.002373410770495,53.05015900570175,53.096916845005985,53.14265603721692,53.18738616907706,53.23111727873301,53.2738598292718,53.31562468263483,53.35642307394385,53.39626658627052,53.43516712587848,53.473136897964594,53.51018838292323,53.546334313155235,53.58158765044078,53.6159615638931,53.649469408507734,53.68212470431998,53.71394111618105,53.7449324341615,53.77511255458874,53.80449546172345,53.83309521007816,53.860925907379695,53.88800169817543,53.91433674808224,53.9399452286753,53.96484130301287,53.98903911179205,54.01255276012924,54.03539630495809,54.05758374303698,54.07914554856041,54.10012872959588,54.12059206971891,54.140600947663465,54.16022315355441,54.17952595852591,54.19857428651936,54.21742973298163,54.236150185243034,54.254789844935765,54.27339950281092,54.29202695973931,54.31071752184623,54.329514523136595,54.34845984714036,54.36759443170566,54.386958749548405,54.40659326270422,54.426538852517,54.44683722889731,54.4675313237684,54.4886656742218,54.51028680115945,54.53244358926245,54.555187674102605,54.578573842171274,54.602660449584604,54.627509865264344,54.65318894450599,54.679769539043505,54.70732905000939,54.73595103057721,54.765725845565285,54.796751395881756,54.82913391640797,54.86298885675701,54.898441855315816,54.935629818092,54.97470211515247,55.015821908871665,55.05916762981778,55.1049346179091,55.1533369484866,55.204609465187666,55.259010043985896,55.3168221154967,55.378357475651256,55.44395941811942,55.51400622541905,55.588915059479085,55.66914629650896,55.755208355335384,55.84766307284314,55.947131684718194,56.05430147421735,56.169933156012455,56.294869066049216,56.43004223151544,56.57648639702897,56.735347083510646,56.907791819204235,57.09500007899485,57.29817023703762,57.518528180421924,57.75733410136439,58.01588689927903,58.295526280047454,58.59763273611264,58.92362555915357,59.27495898612795,59.653116536039576,60.0596035645159,60.49593804656973,60.963639594021764,61.4642167220848,61.99915239870132,62.56988793952577,63.17780534998562,63.82420826246166,64.51030166980158,65.23717071423489,66.00575885097248,66.8168457655962,67.67102548063656,68.56868513607742,69.50998496736692,70.49484002937726,71.52290422247718,72.59355716486384,73.7058944217703,74.85872154639266,76.05055230985413,77.27961140003445,78.54384175473596,79.840916567711,81.16825587179531,82.52304746769624,83.90227183608907,85.30273055067806,86.72107760636172,88.15385299429131,89.59751779793174,91.04849005333264,92.50318061332302,93.95802827841835,95.40953350470109,96.8542900675089,98.28901414529466,99.71057038583376,101.11599462215526,102.50251301336003,103.86755749140605,105.2087774950882,106.5240480636199,107.8114744420222,109.06939341733329,110.29637165763553,111.49120136492813,112.65289357842684,113.78066947790833,114.87395003855644,115.93234438097016,116.95563714424387,117.94377518803994,118.8968539030017,119.81510337924193,120.69887465137123,121.5486262067963,122.364910912815,123.14836348815582,123.89968861665723,124.6196497751808,125.30905882486917,125.96876639463055,126.59965306827712,127.20262137199899,127.77858854668516,128.3284800798253,128.85322396412658,129.35374564432624
D2,0,0.0,0.0,0.0,0.0,0.0,1.3732601608910246e-06,8.335539387445467e-06,2.890542047090099e-05,7.528498810131998e-05,0.00016378483708720905,0.00031444928459393003,0.0005505138861079752,0.0008977917073153144,0.0013840522976492358,0.0020384319449727644,0.0028908956449336097,0.003971759111004508,0.005311271640557367,0.006939256417272459,0.008884802796422467,0.011176004476063397,0.013839737625788821,0.016901473634157317,0.020385121895167037,0.024312898832223907,0.028705220072012438,0.03358061329185238,0.038955649761090165,0.044844892984065965,0.051260863141493015,0.0582140162342342,0.06571273697444956,0.07376334455879932,0.08237011050986368,0.09153528779614795,0.10125915044691183,0.11154004287267484,0.12237443809108434,0.13375700404501784,0.14568067718835032,0.15813674250688045,0.17111491913889454,0.18460345076261228,0.19858919992672514,0.21305774551549073,0.22799348256121382,0.24337972364406507,0.2591988011515588,0.27543216970703505,0.292060508117508,0.30906382023555445,0.3264215341768207,0.3441591558525169,0.36235239018657855,0.38112003123888144,0.40061639159395623,0.4210262927327283,0.44256299995185455,0.4654687638073278,0.49001756279095554,0.516519761375794,0.5453285463146698,0.5768481383469843,0.6115438902409004,0.6499544796596813,0.6927064921223133,0.7405317691733108,0.7942879713197748,0.8549828732769635,0.9238029665805857,1.00214698416377,1.0916649712977973,1.1943034905136893,1.3123574421134665,1.4485287779502307,1.6059920502949576,1.788466232940945,2.0002915435177346,2.246509060184996,2.532939761159561,2.8662582588083128,3.2540550426666734,3.704030650653654,4.223749811899527,4.820444932726464,5.50079235273584,6.27066344153157,7.134868334281992,8.09691335107899,9.158792583280421,10.320831296470242,11.581594246586151,12.937866335966351,14.384706967274484,15.915573702072212,17.522505992617337,19.196356227720397,20.927053290945093,22.703883243006803,24.515772423914463,26.35155993997004,28.2002488309153,30.051227884271263,31.894458797861652,33.72062596704514,35.521248435333604,37.28875540408038,39.01652811178358,40.69891187248139,42.33120264279078,43.909612724694675,45.431220171949896,46.89390621937608,48.29628465984675,49.6376266097019,50.917783576445494,52.13711121005713,53.296395608616116,54.39678357923009,55.43971783819429,56.426877775675024,57.36012611123424,58.24146152509015,59.07297716178802,59.8568247622175,60.59518408027647,61.290237175421005,61.94414713556763,62.559040770513825,63.136994819028324,63.68002522853626,64.19007909108949,64.66902884994654,65.11866842508404,65.54071094136803,65.93678777845132,66.30844869565358,66.65716281738199,66.98432620529161,67.29126874278425,67.57925832989167,67.84950257911547,68.10314889490648,68.3412838479452,68.56493254199313,68.7750584130947,68.97256367902536,69.15829049468014,69.33302276467944,69.49748850656555,69.65236263359753,69.79827002385467,69.93588622651643,70.06593829341031,70.18917704861057,70.30634773323786,70.4181674151072,70.52531034925806,70.62840006390098,70.72800643752699,70.8246461964728,70.91878560150253,71.01084442457748,71.10120058890837,71.19019505100285,71.27813665262799,71.36530677615414,71.45196370998562,71.53834668068073,71.62467954163199,71.7111741297296,71.79803331481395,71.88545377448717,71.97362853082592,72.06274928702156,72.1530086018965,72.24460193925941,72.33772962762605,72.4325987642615,72.52942509600942,72.62843490810874,72.72986695125239,72.83389341460597,72.94061326534934,73.0500646907352,73.1622399981043,73.27709841647669,73.39457605068145,73.51459330890526,73.63706032825367,73.76188087913518,73.88895513411637,74.01818159686493,74.14945841418759,74.28268423851019,74.41775876614176,74.55458304504621,74.69305962200441,74.83309258103105,74.97458751127319,75.11745143229403,75.26159269684482,75.40692088534882,75.55334670191422,75.70078187840734,75.84913909069056,75.99833188935423,76.148274645992,76.29888251516283,76.45007141155719,76.60175800146858,76.75385970740906,76.90629472455853,77.05898204766996,77.21184150704251,77.36479381220502,77.51776060200893,77.67066449990395,77.8234291732537,77.97597939563776,78.12824111117637,78.28014150000348,78.43160904410027,78.58257359278288,78.73296642721674,78.88272032340235,79.03176961314556,79.18005024258835,79.3274998279349,79.47405770806098,79.61966499374473,79.76426461330212,79.90780135445215,80.05022190227513,80.19147487316205,80.3315108446852,80.47028238134885,80.60774405620565,80.74385246834768,80.87856625630347,81.01184610739107,81.1436547630952,81.27395702055217,81.40271973023972,81.52991178998175,81.65550413538828,81.77946972686043,81.90178353329814,82.02242251265517,82.14136558949127,82.25859362967616,82.37408941240307,82.48783759967237,82.59982470340724,82.71003905036407,82.8184707450007,82.92511163046419,83.02995524785948,83.13299679395742,83.23423307749893,83.33366247424887,83.43128488094985,83.52710166832253,83.62111563325486,83.71333095031846,83.80375312274555,83.89238893299505,83.97924639303167,84.06433469443624,84.14766415846049,84.22924618613418,84.30909320852687,84.38721863726128,84.46363681536955,84.53836296857861,84.61141315710498,84.68280422803441,84.75255376835618,84.8206800587167,84.88720202795227,84.95213920845536,85.01551169242435,85.07734008904175,85.13764548262135,85.19644939176032,85.25377372952815,85.30964076471983,85.36407308419723,85.41709355633847,85.46872529561155,85.51902130055322,85.56806497713566,85.61596252008714,85.66283456156289,85.70880932283414,85.75401763754225,85.79858961738161,85.84265259914285,85.88633003597224,85.92974106041063,85.97300051251014,86.01621928153841,86.0595048528897,86.10296198434423,86.14669345990868,86.19080088711691,86.2353855164933,86.28054907113872,86.32639458104893,86.37302722153244,86.42055515849867,86.46909040583364,86.51874970186967,86.56965541330595,86.62193647601414,86.67572938308929,86.73117923137431,86.78844083856596,86.84767994395659,86.90907450692343,86.972816118482,87.03911154260591,87.10818440561106,87.1802770537388,87.25565260117976,87.33459719318913,87.41742251169158,87.50446855389414,87.5961067179614,87.69274323380338,87.79482298152988,87.90283374519024,88.01731095509972,88.13884297841255,88.26807702470103,88.40572574120074,88.55257458115001,88.70949003834329,88.87742885168808,89.05744829524217,89.25071768193293,89.45853122291732,89.6823223992815,89.92368001840231,90.18436614362157,90.46633610264448,90.77176079685951,91.10305155001898,91.46288774962936,91.8542475469252,92.28019001699394,92.74383339389908,93.24837480477197,93.79711400214104,94.39347277552447,95.04100877441076,95.74342399599917,96.50456837158156,97.32843877525309,98.21917363447825,99.18104320178927,100.21843546006473,101.33583757931731,102.5378128181248,103.82897276563757,105.21394484896233,106.69733508447663,108.2836861291109,109.97743078737967,111.78284124989962,113.70397447641753,115.74461428709397,117.90821088494084,120.19781869375635,122.61603355246895,125.16493045050237,127.84600311112307,130.66010682219658,133.60740596829768,136.68732772767814,139.898523356811,143.2388383908834,146.70529294007574,150.2940730609987,154.00053393547023,157.81921530295384,161.74386927896964,165.76750036208753,169.88241710038798,174.0802945685886,178.3522465129811,182.6889057652018,187.08051131795295,191.51700030379538,195.98810302678146,200.48343916761476,204.99261331477956,209.50530806246266,214.011373054501,218.50090853361266,222.96434216715846,227.39249815438458,231.7766578652475,236.10861150776702,240.38070056057938,244.58585093242536,248.71759701463515,252.77009697176018,256.7381397664132,260.6171445356576,264.4031530278026,268.0928158712222,271.68337348273474,275.1726324347667,278.5589380910407,281.8411442932063,285.0185808390758,288.0910194402813,291.05863878638115,293.92198927659877,296.68195791201657,299.33973377236293,301.8967744343242,304.35477362403424,306.7156303361332,308.9814195963261,311.1543649942078,313.2368130685118,315.23120958794055,317.14007773724217
D3,0,0.0,0.0,0.0,0.0,0.0,0.0,9.633814378002608e-09,6.778568675716979e-08,2.68797465222683e-07,7.915484142745605e-07,1.928448920289803e-06,4.112312041947429e-06,7.939862389227327e-06,1.419124175974017e-05,2.3845284577583232e-05,3.809059889968753e-05,5.833264088184333e-05,8.619704798112554e-05,0.0001235295268891045,0.00017239259635034747,0.0002350594759760507,0.00031400539812444857,0.0004118966054792656,0.0005315772843210003,0.0006760546733900078,0.0008484825805889975,0.0010521435340547936,0.0012904297896792225,0.0015668234133071495,0.001884875651992272,0.002248185804365789,0.0026603797950072693,0.0031250886514534427,0.0036459270749940355,0.004226472287626061,0.004870243327482703,0.005580680953790855,0.006361128310057597,0.007214812480888462,0.008144827063770448,0.009154115862496632,0.010245457793860425,0.011421453084001526,0.01268451081553402,0.01403683787151358,0.015480429307577702,0.017017060169378123,0.018648278758859344,0.020375401340144744,0.022199508263875876,0.02412144147789571,0.02614180338223705,0.02826757437757623,0.030513032077980118,0.03289915250954205,0.03545295476008949,0.03820721220124738,0.04120059849262776,0.04447824156697132,0.04809265350491941,0.05210502493149802,0.05658689792022722,0.06162225568342719,0.06731009010327695,0.07376753036001582,0.08113363858949404,0.08957400241118146,0.09928627965003985,0.11050687745732088,0.12351897548631896,0.13866212909900946,0.15634371090628935,0.1770524628989801,0.20137443073082045,0.23001152786169055,0.2638029193816104,0.30374931041859976,0.351040057904912,0.40708278369942885,0.4735348421515118,0.5523355851510736,0.6457378855640267,0.7561141459518969,0.8859022516992875,1.0375595536510043,1.2135044091129783,1.4160452551292944,1.6473015036029477,1.909121781088369,2.203005384406719,2.530032600317134,2.8908088004831343,3.2854260599413525,3.713444603574554,4.173894836194756,4.665299229380352,5.185712063151641,5.732774047916116,6.303778226906281,6.8957432813876265,7.505490394914701,8.129720120594898,8.765086167299302,9.408263606447308,10.056009635870879,10.705215667457672,11.352950089699943,11.996491566921481,12.633353157805368,13.261297861033068,13.878346427423539,14.482778423644312,15.073127603654662,15.64817265365668,16.206924338023573,16.748610000402813,17.27265627763552,17.778670774305798,18.26642333081705,18.735827404248305,19.186921973539814,19.61985428196576,20.034863642284904,20.4322664543129,20.812442521044343,21.17582269740783,21.522877864411605,21.85410918973887,22.17003961256768,22.47120647427752,22.758155206556772,23.03143398311568,23.291589239720402,23.539161968699965,23.77468469767012,23.998679067321206,24.21165392920123,24.41410389106567,24.60650824422948,24.789330252365986,24.963016725760337,25.127997811387374,25.284686947389314,25.43348094600001,25.57476017930136,25.708888848457473,25.836215320774834,25.957072521247152,26.071778366881414,26.180636233450045,26.283935445547023,26.381951782002552,26.47500606867476,26.563463225026688,26.647714828920222,26.728160950209134,26.80519595183825,26.87919883665962,26.950527416996984,27.01951534762274,27.086471175630873,27.151678750402276,27.215398512171614,27.27786931641953,27.33931055465331,27.399924407304,27.459898118706327,27.51940622319293,27.57861267943428,27.63767289028863,27.69673559973065,27.755944668449462,27.81544073658601,27.875362786668585,27.935849622749988,27.9970412835427,28.059080408365343,28.122113575240792,28.18629263074052,28.25177603131493,28.318730216008305,28.38733103072258,28.457715591607094,28.52997812436929,28.60417686185053,28.680342191632903,28.75848358460868,28.838594998568883,28.920658984723065,29.004649787212085,29.090535676359615,29.17828069734783,29.26784596956813,29.359190638771246,29.452272560731423,29.547048778151307,29.643475839729344,29.741510000318705,29.84110733311364,29.942223778316468,30.044815147454504,30.14883709821444,30.254245091176944,30.360994337032338,30.46903974062503,30.578335846411722,30.68883678854167,30.800496247703933,30.913267416075453,31.027102971093417,31.141955058323482,31.257775283367355,31.374514712520728,31.492123881733598,31.61055281332123,31.72975103981203,31.849667634286934,31.97025124655578,32.091450144522355,32.21321226010735,32.33548523912297,32.45821649452213,32.58135326247693,32.70484266077407,32.828631749047915,32.95266759040472,33.076897314023086,33.201268178346226,33.325727634510976,33.450223389685945,33.57470347001769,33.69911628290862,33.82341067837396,33.94753600924727,34.071442190025266,34.19507975416249,34.3183999096454,34.44135459269326,34.56389651945027,34.68597923554954,34.807557163444635,34.928585647419126,35.04902099619828,35.16882052310003,35.287942583674905,35.406346610796135,35.52399314717242,35.64084387526613,35.75686164460978,35.8720104965227,35.98625568623866,36.09956370246323,36.21190228438741,36.32324043619088,36.43354843907488,36.54279786087084,36.65096156327604,36.75801370677297,36.86392975329333,36.9686864666918,37.07226191109835,37.174635447220886,37.27578772667309,37.37570068440437,37.474357529311085,37.57174273310963,37.6678420175534,37.76264234007642,37.856131877947256,37.9483000110169,38.039137303144535,38.128635482384844,38.2167874200199,38.303587108518194,38.38902963850229,38.47311117480549,38.555828931696595,38.63718114735059,38.717167057641014,38.7957868693286,38.8730417327184,38.94893371385592,39.02346576633073,39.09664170275364,39.168466165971566,39.23894460008181,39.30808322130512,39.37588898877466,39.44236957529552,39.50753333812704,39.57142575496808,39.634130420951514,39.69576029535102,39.756448081337325,39.81633833751629,39.87558171668649,39.934331053694166,39.99273889189261,40.05095607588364,40.10913111518674,40.16741009696809,40.22593698553211,40.28485419181219,40.34430333013837,40.40442610483178,40.46536528792603,40.52726576325574,40.590275622550756,40.65454730696834,40.72023879338136,40.787514829240706,40.85654822333998,40.92752120263262,41.00062684761849,41.076070620910556,41.15407200555589,41.23486627163354,41.318706391679825,41.40586512767898,41.49663731477509,41.591342369573574,41.69032705397048,41.793968528936844,41.9026777366579,42.01690315395119,42.13713496503788,42.2639097075981,42.39781545269419,42.5394975866935,42.68966527187545,42.849098672086036,43.01865704074186,43.19928778082981,43.39203660045869,43.59805890316495,43.81863256974114,44.0551723080324,44.309245769131905,44.58259165289697,44.87714005289255,45.195035320919246,45.538661764334016,45.91067252550611,46.314022031968825,46.7520024480128,47.22828460333951,47.746963921453144,48.312611918917305,48.9303338952522,49.60583348040569,50.34505176864454,51.15414011124869,52.03950116898905,53.00783565747287,54.06618181742953,55.221946045546524,56.4829252546399,57.85732157812515,59.35374971708728,60.98123692564998,62.74921540171589,64.66750669053381,66.74629760600563,68.99610712110194,71.42774367037214,74.05225234329997,76.88085152763517,79.92485868771455,83.19560513466504,86.70433986268301,90.46212278610963,94.47970801148912,98.76741811049413,103.33501071419839,108.19153911470165,113.3452089221599,118.80323316743808,124.57168854515088,130.6553757406257,137.05768695979185,143.7804838674742,150.8239891243732,158.18669458761093,165.86528900062777,173.85460764763343,182.14760599388705,190.73535878973493,199.60708550268578,208.7502022811907,218.15039997245322,227.79174704214603,237.65681560371925,247.72682818457946,257.9818223580361,268.4008299713425,278.9620674138977,289.6431332024833,300.4212091132633,311.27326115867186,322.17623688190986,333.10725570925405,344.0437894444861,354.96383039236827,365.8460450403459,376.6699116909149,387.41584090381247,398.06527806164445,408.6007878013055,419.00612044577,429.2662609184359,439.3674609198268,449.2972553912749,459.04446448167795,468.5991823729712,477.9527544105912,487.0977440311472,496.0278909858362,504.73806233040216,513.224197596437,521.4832494802836,529.5131212902132,537.3126022850064,544.8813019221353,552.2195839154431,559.3285008839275,566.2097302577837,572.8655119974368,579.2985885776012,585.5121475926167,591.509767252197
G,53409,53496.95255738823,53571.20931380277,53640.67240995673,53708.37556704694,53775.42882222949,53842.2988471093,53909.225575086726,53976.35933870695,54043.80730146322,54111.650238618124,54179.94947053109,54248.750405364925,54318.08481762734,54387.97257831079,54458.4230897434,54529.43652446382,54601.00491472426,54673.113119885486,54745.73969083739,54818.85764637187,54892.43517372703,54966.43626349208,55040.821287415485,55115.54752627794,55190.56965382149,55265.840181731444,55341.30986982535,55416.92810489254,55492.64325103172,55568.4029738383,55644.154540383664,55719.84509659435,55795.42192336958,55870.83267256132,55946.02558377374,56020.94968281137,56095.554962511116,56169.79254662603,56243.614837384004,56316.9756473174,56389.830315946194,56462.13581189442,56533.85082102365,56604.935821177096,56675.35314413966,56745.067025432625,56814.043642574754,56882.25114245308,56949.65965845581,57016.241318026565,57083.58703984397,57152.76667982824,57224.64665321257,57300.03283485036,57379.740151965125,57464.63294160506,57555.65472203117,57653.85526491322,57760.418498956795,57876.69309932501,58004.22702061641,58144.807055264595,58300.50448007574,58473.72788370402,58667.28429645838,58884.449736429044,59129.05020744215,59405.553991527326,59719.17571603069,60075.99207394981,60483.06815316181,60948.591995454524,61482.0131723955,62094.17876883995,62797.45719977778,63605.83684797539,64534.982851343266,65602.23195379564,66826.50286776423,68228.09900878799,69809.97685312234,71577.33866012299,73532.7818519954,75675.04546506806,77998.56277457127,80493.36962832333,83145.29566937171,85936.40828086696,88845.66592481975,91849.72074162465,94923.80088203542,98042.60292270489,101181.13264603571,104315.44590192803,107423.25732245539,110484.40074350014,113481.13938338382,116398.3350060092,119223.49304020929,121946.705070992,124560.51174422211,127059.70858347211,129441.11518346942,131703.3253318695,133846.45232036704,135871.88040933872,137782.03035692798,139580.1442593366,141270.09273879172,142856.2057660282,144343.12708438246,145735.69126056874,147038.82176143726,148257.44808402561,149396.4397897506,150460.55526143458,151454.4030710362,152382.41398177182,153248.82178374127,154057.6513569341,154812.71255491025,155517.59869642387,156175.6886342396,156790.15153653017,157363.9536646897,157899.86656168877,158400.47617773543,158868.19255609607,159305.25978291818,159713.76597239962,160095.65311431471,160452.72665633017,160786.6647302207,161099.02696037653,161391.26281610146,161664.71948718472,161920.64355663277,162160.19110887396,162384.4359038024,162594.37634183315,162790.94157940443,162974.9969885383,163147.34907669103,163308.7499452074,163459.9013446509,163601.4583735567,163734.0328594714,163858.19645557244,163974.48348180385,164083.39353589082,164186.59152098314,164285.2169823654,164380.0994641023,164471.87363570364,164561.0437682811,164648.0220725106,164733.15306983516,164816.73011882955,164899.0072534027,164980.20802676547,165060.53232193243,165140.16171122668,165219.2637431294,165297.99541791066,165376.50604178684,165454.93960233024,165533.43677520857,165612.13664867825,165691.17823462357,165770.70182156435,165850.85021483141,165931.76990127304,166013.6121698694,166096.53421510351,166180.7002465698,166266.2826258678,166353.46305016606,166442.4338007913,166533.39907471134,166626.5764167532,166721.48417483756,166817.85434300525,166915.50253528057,167014.28186475916,167114.06583493864,167214.74138469805,167316.20558340554,167418.3637172218,167521.12796982,167624.41640668552,167728.1521487926,167832.26268432938,167936.6792905079,168041.33654698325,168146.17192689862,168251.12545416874,168356.13941741007,168461.1581323174,168566.127745438,168670.9960732636,168775.7124713936,168880.22772923953,168984.49398635633,169088.46466702103,169192.0944301376,169295.3391319467,169398.1557993614,169500.50261205004,169602.33889164298,169703.6250966659,169804.32282199437,169904.39480179476,170003.80491506084,170102.51819298428,170200.50082750767,170297.72018050402,170394.14479311355,170489.744394839,170584.4899120675,170678.35347574129,170771.3084279504,170863.32932726268,170954.39195264343,171044.4733058521,171133.55161223025,171221.6063198222,171308.6180967896,171394.56882710409,171479.4416045148,171563.22072480616,171645.891676371,171727.44112913727,171807.85692189462,171887.12804807548,171965.24464005255,172042.19795201984,172117.98034152787,172192.5852497506,172266.00718056015,172338.24167849094,172409.28530567494,172479.13561783062,172547.7911393889,172615.25133783816,172681.51659737184,172746.58819191903,172810.4682576381,172873.15976495203,172934.66649020187,172994.99298699194,173054.1445573001,173112.1272224214,173168.94769381222,173224.6133439001,173279.13217691865,173332.51279982817,173384.76439337526,173435.89668334564,173485.91991205854,173534.84481014963,173582.68256868536,173629.44481164988,173675.14356884183,173719.79124921517,173763.40061469647,173805.98475450755,173847.5570600196,173888.1312001626,173927.7210974114,173966.340904367,174004.00498094928,174040.7278722156,174076.52428681694,174111.40907610135,174145.39721387258,174178.5037768102,174210.7439255544,174242.13288645918,174272.68593401375,174302.41837393178,174331.34552690675,174359.48271302934,174386.845236863,174413.44837317095,174439.3073532888,174464.43735213415,174488.85347584455,174512.57075003485,174535.77065471103,174558.57591742405,174581.08036157856,174603.36197830172,174625.48901741288,174647.52313039047,174669.52122523138,174691.53672152886,174713.6204976537,174735.8216599368,174758.18819687594,174780.76755302012,174803.6071444858,174826.75483184957,174850.25936274964,174874.17079442213,174898.54090497596,174923.42360120604,174948.8753300288,174974.95550013133,175001.72692011803,175029.25625928678,175057.6145371568,175086.87764798864,175117.12692677704,175148.44976355348,175180.94027331052,175214.70002944977,175249.83886937227,175286.47578167167,175324.73988537458,175364.77151280153,175406.72340891816,175450.7620615153,175497.0691782253,175545.84332826425,175597.30176890778,175651.68247909154,175709.24642519173,175770.28008702653,175835.09827544252,175904.04727655018,175977.50836177124,176055.90170739163,176139.69077229602,176229.38718801658,176325.55622116604,176428.82287474346,176539.87870167528,176659.48941124216,176788.50335665513,176927.86099986488,177078.6054575159,177241.89423953614,177419.01229880744,177611.3865161983,177820.60174930148,178048.41857464155,178296.79285080364,178567.89722247477,178862.8381105353,179183.15968206179,179530.58086800104,179906.92598350128,180314.1033076084,180754.09470380336,181228.94678993965,181740.76111191948,182291.68254856073,182883.88564201456,183519.55868913242,184200.8854942832,184930.02473760565,185709.08697132318,186540.1093247852,187425.02807690433,188365.64934167988,189363.6182065905,190420.38676189783,191537.18155756124,192714.97111889342,193954.43423701078,195255.9298198297,196619.46913800563,198044.69132230317,199530.842959674,201076.76259131834,202680.87083541264,204341.1667402518,206055.23082281472,207820.23506807943,209632.95996283533,211489.81842314484,213386.88625714567,215319.93859532816,217284.49152935093,219275.84803752875,221289.14714833826,223319.4152084369,225361.6180819899,227410.7131140449,229461.69974012361,231509.66771261935,233549.84203559862,235577.62384547983,237588.62663738462,239578.70740719978,241543.992449479,243480.89771408594,245386.1437739711,247256.76558815246,249090.11735475782,250883.8728372596,252636.02161244815,254344.86173201515,256008.98931250052,257627.28557306764,259198.90182979303,260723.24293175593,262199.94959107146,263628.8800188817,265010.09123471123,266343.820369729,267630.46623720013,268870.5713972802,270064.80489947955,271213.94584545435,272318.86787784635,273380.5246680106,274399.93644677434,275378.1775978081,276316.3653126159,277215.6492892938,278077.20244377083,278902.2125918677,279691.8750528442,280447.3861197733,281169.9373387511,281860.71053728194,282520.87354188185,283151.5765257364,283753.948928906
D,768,768.0,768.2247515782611,768.7002953108574,769.3886992753194,770.2433305359796,771.2237733896625,772.2983979699969,773.4434775231695,774.6416046250025,775.880197910809,777.1502799462655,778.4455267070106,779.7615444277479,781.0953256213843,782.4448428674823,783.8087473579492,785.1861466288918,786.5764419184867,787.979210278701,789.3941201714501,790.8208720299766,792.2591573583978,793.7086315305387,795.168896652755,796.6394917661614,798.1198883516674,799.6094896200298,801.1076324595896,802.6135912075678,804.1265826304241,805.645771662851,807.1702775771424,808.6991803453589,810.2315270237531,811.7663380383015,813.3026132864002,814.8393379962332,816.375488304548,817.9100365275068,819.441956109333,820.9702262407285,822.4938361442555,824.0117890276614,825.5231057088766,827.0268279184536,828.5220212867391,830.0077780242535,831.4832193046836,832.9474973606409,834.3997973029764,835.8393386749539,837.2653767530348,838.6803066783051,840.0897923960974,841.5021278256983,842.9275800870927,844.3779198527778,845.8661592094867,847.4064665431757,849.0142226223066,850.7061897515686,852.5007756055961,854.4183819647019,856.481835523028,858.7169034338152,861.1529006243585,863.8233994081287,866.7670546728585,870.0285599239987,873.6597505607896,877.7208706466341,882.2820176194425,887.4247751908392,893.2440372269701,899.8500136336346,907.3703920272826,915.9526051529328,925.7661228126847,937.0046483995225,949.8880551170721,964.663848543266,981.6078956367485,1000.988797477431,1023.0565346683422,1048.0340094866322,1076.1083071252835,1107.4217915704824,1142.0637873945757,1180.0636800234142,1221.386168105752,1265.9292040344421,1313.5249021606128,1363.9434167928878,1416.8995308874773,1472.061482403672,1529.0614089684104,1587.506720761055,1646.9917130095025,1707.1087912119979,1767.458787211856,1827.659974112835,1887.35552559697,1946.2192964972708,2003.9599164909498,2060.3232815975844,2115.093596477944,2168.0931648519327,2219.1811481715717,2268.251517627326,2315.2304157279054,2360.0731251212014,2402.760817674199,2443.2972291772267,2481.7053768012847,2518.02440938809,2552.3066559791646,2584.614916389932,2615.0200194149493,2643.5986594288356,2670.4315105403325,2695.6016087536377,2719.192986412911,2741.289539150373,2761.974103230796,2781.327720218768,2799.4290659630283,2816.354021713314,2832.175366524667,2846.9625717717618,2860.781680441439,2873.6952557807963,2885.7623857663884,2897.038731667929,2907.5766106678575,2917.4251040427703,2926.63018380237,2935.234851913819,2943.2792873178582,2950.8009858990404,2957.834903454283,2964.413602274502,2970.5673989611396,2976.3245106395666,2981.7111971589848,2986.7518975145017,2991.4693593398506,2995.8847608205538,3000.0178247579297,3003.8869247889284,3007.509183956189,3010.9005659469312,3014.0759593949188,3017.051554244141,3019.8448014678534,3022.4736809669807,3024.9559418469516,3027.3085252440796,3029.5471988026698,3031.6863694378603,3033.739027243774,3035.716777578982,3037.6299275695824,3039.4876025158496,3041.297875355296,3043.0678981642964,3044.80402889372,3046.5119494717546,3048.196773392892,3049.8631422115236,3051.5153111754676,3053.157224719479,3054.792582799874,3056.424899165612,3058.057552682273,3059.6938327902094,3061.3369801118256,3062.9902231420933,3064.6568118717905,3066.340049111443,3068.043320209489,3069.7701217930844,3071.5240901052107,3073.3076589251323,3075.1219668978897,3076.9670973499246,3078.8423595931854,3080.746529965085,3082.6780383658447,3084.635105892924,3086.615843413117,3088.6183204038734,3090.640611725691,3092.6808282811908,3094.737136074692,3096.807767046182,3098.89102417759,3100.985282705441,3103.088988774984,3105.2006564978456,3107.318864097868,3109.4422496245375,3111.569506562465,3113.699379555122,3115.830660381251,3117.962184265183,3120.092826561958,3122.2214998301615,3124.347151286498,3126.4687606238444,3128.585338166992,3130.695923336141,3132.79958338645,3134.8954123918097,3136.982530441925,3139.060083023457,3141.1272405579916,3143.1831980718607,3145.2271749751417,3147.2584149294776,3149.2761857865403,3151.2797795810584,3153.268512564263,3155.2417252653813,3157.1987825704523,3159.1390738091914,3161.0620128419823,3162.9670381402493,3164.853612854548,3166.7212248656474,3168.5693868147373,3170.3976361096356,3172.2055349045413,3173.9926700514525,3175.7586530219146,3177.5031197981766,3179.225730733274,3180.9261703798657,3182.6041472879933,3184.259393772162,3185.8916656483816,3187.5007419420076,3189.086424567379,3190.6485379803767,3192.1869288051753,3193.7014654365175,3195.192037618943,3196.6585560044523,3198.100951690126,3199.5191757372622,3200.9131986735947,3202.2830099801845,3203.628617564551,3204.950047221612,3206.2473420839806,3207.5205620631377,3208.7697832829713,3209.995097507128,3211.196611561596,3212.3744467538736,3213.528738290057,3214.6596346910846,3215.7672972093856,3216.8518992470536,3217.9136257766722,3218.952672765819,3219.969246606246,3220.9635635486466,3221.935849143895,3222.8863376915574,3223.815271696432,3224.7229013338115,3225.6094839241177,3226.475283417487,3227.3205698888387,3228.1456190439203,3228.9507117367475,3229.7361334988295,3230.502174080515,3231.249127004747,3231.9772891334787,3232.686960246947,3233.3784426359844,3234.052040707481,3234.7080606030995,3235.3468098313006,3235.9685969126995,3236.573731038753,3237.1625217437436,3237.735278589999,3238.2923108662635,3238.8342469458444,3239.362038049753,3239.8768741240933,3240.3800923918348,3240.873102837022,3241.357334501738,3241.8341999460613,3242.3050737951257,3242.7712815866585,3243.234095870675,3243.694737259567,3244.15437875244,3244.6141521444956,3245.075155697767,3245.5384625184574,3246.0051292813046,3246.476205081719,3246.9527402964172,3247.4357954039756,3247.926449766381,3248.4258104074047,3248.935020847981,3249.45527007601,3249.9878017406368,3250.5339236707964,3251.095017826038,3251.6725507952624,3252.268084966817,3252.8832905018844,3253.5199582527443,3254.1800137786554,3254.865532625038,3255.578757046727,3256.3221143734563,3257.0982372358376,3257.9099858930845,3258.7604729300137,3259.653090620693,3260.591541289933,3261.579871041976,3262.62250726871,3263.724300397953,3264.8905703962996,3266.127158601263,3267.4404855243997,3268.8376153413833,3270.326327866998,3271.91519890316,3273.6136899467465,3275.4322483511532,3277.382419151239,3279.4769698849495,3281.7300298756923,3284.157245575751,3286.7759537103198,3289.6053741005044,3292.666824176936,3295.9839573165864,3299.5830272348358,3303.4931807308226,3307.744273459325,3312.366641104435,3317.391284633064,3322.8500949717913,3328.776033524425,3335.203255521289,3342.1671785830385,3349.704500834718,3357.853171911272,3366.652318838407,3376.142127647306,3386.363680793532,3397.358749993874,3409.1695439459286,3421.8384105320383,3435.4074935140056,3449.918344381683,3465.4114909096475,3481.9259650795293,3499.4987943119595,3518.1644613825933,3537.9543399217814,3558.8961139561843,3581.013191471587,3604.3241233789913,3628.842040465133,3654.574121816768,3681.521108742754,3709.676878306457,3739.028090167165,3769.55391947889,3801.225887100989,3834.0077963603535,3867.8557831233884,3902.7184830715987,3938.5373169372515,3975.24689117541,4012.7755082683097,4051.0457777232623,4089.9753159761567,4129.477520973991,4169.462405283864,4209.837470236091,4250.508602896534,4291.380977585596,4332.359944193764,4373.351886632761,4414.265036329836,4455.010227626123,4495.501584173016,4535.657127824604,4575.399303993145,4614.655419870467,4653.357994235228,4691.445019693721,4728.860140086432,4765.552747397276,4801.4780038070885,4836.596795532221,4870.87562579059,4904.286454659502,4936.806493757751,4968.417963630614,4999.10782147491,5028.8674664478995,5057.692429293605,5085.582052426382,5112.539165964236,5138.569764530505,5163.682688964584,5187.889316419344,5211.203261689537,5233.640092022965,5255.21705712246,5275.95283555646,5295.867298361864,5314.981290244888,5333.316428462835,5350.89491919918,5367.739391022906
dG,0,87.95255738822743,74.2567564145429,69.46309615395876,67.70315709021088,67.05325518255268,66.87002487980499,66.92672797742853,67.13376362022245,67.44796275626868,67.8429371549064,68.29923191296984,68.80093483383098,69.33441226241848,69.88776068345032,70.45051143260935,71.0134347204148,71.56839026044327,72.10820516122476,72.62657095190661,73.11795553447882,73.5775273551626,74.00108976504998,74.3850239234016,74.72623886245128,75.02212754355423,75.27052790995367,75.46968809390819,75.61823506718792,75.7151461391768,75.75972280658607,75.75156654536113,75.69055621068401,75.57682677522826,75.41074919174571,75.19291121241986,74.92409903762746,74.60527969974646,74.23758411491144,73.82229075797659,73.3608099333942,72.85466862879548,72.30549594822514,71.71500912922784,71.08500015344907,70.41732296256669,69.71388129296247,68.97661714212882,68.20749987832824,67.40851600272435,66.58165957075835,67.34572181740805,69.17963998426421,71.87997338433343,75.38618163779029,79.70731711476401,84.89278963993274,91.02178042611195,98.20054288204847,106.56323404357681,116.27460036821867,127.53392129139684,140.58003464818466,155.69742481114372,173.22340362828254,193.5564127543621,217.16543997066037,244.6004710131092,276.5037840851728,313.6217245033622,356.81635791912413,407.07607921199815,465.5238422927141,533.421176940974,612.1655964444508,703.278430937833,808.3796481976096,929.1460033678741,1067.2491024523697,1224.2709139685903,1401.596141023765,1581.8778443343472,1767.3618070006487,1955.443191872415,2142.2636130726605,2323.517309503208,2494.8068537520594,2651.926041048384,2791.1126114952494,2909.257643952791,3004.054816804899,3074.0801404107624,3118.8020406694704,3138.529723330823,3134.3132558923244,3107.8114205273596,3061.143421044748,2996.7386398836825,2917.1956226253824,2825.1580342000816,2723.2120307827136,2613.8066732301086,2499.1968392499984,2381.40659999731,2262.2101484000887,2143.1269884975336,2025.4280889716756,1910.1499475892633,1798.1139024086297,1689.94847945511,1586.1130272364826,1486.9213183542597,1392.564176186279,1303.1305008685158,1218.6263225883595,1138.9917057249986,1064.1154716839665,993.8478096016333,928.0109107356111,866.4078019694425,808.8295731928374,755.0611979761452,704.8861415136198,658.0899378157337,614.462902290572,573.8021281595284,535.9128969990707,500.609616046655,467.71637836063746,437.06722682210966,408.50618948144256,381.88714191509644,357.0735420154524,333.93807389054564,312.3622301558207,292.2358557249245,273.4566710832587,255.92406944805407,239.54755224118708,224.24479492843966,209.94043803075328,196.5652375712816,184.05540913387085,172.352088152722,161.40086851638625,151.15139944347902,141.5570289058087,132.57448591469438,124.163596101047,116.28702623140998,108.91005408696947,103.1979850923235,98.62546138226753,94.88248173688771,91.77417160134064,89.17013257744838,86.9783042295021,85.13099732456612,83.57704899439705,82.2771345731453,81.20077336276881,80.3242951669672,79.62938929424854,79.10203190273023,78.73167478124378,78.51062387618003,78.43356054340256,78.49717287832755,78.69987346968264,79.04158594532055,79.52358694077702,80.14839326706715,80.91968644162989,81.8422685963451,82.92204523412511,84.16603146627313,85.58237929802272,87.18042429824709,88.97075062524527,90.96527392003918,93.17734204186127,94.90775808435865,96.37016816769028,97.64819227531552,98.77932947859517,99.78397017947282,100.67554975941312,101.4641987074865,102.15813381626504,102.7642525981937,103.28843686552136,103.73574210709194,104.1105355367763,104.41660617850721,104.65725647535874,104.83537991537014,104.95352727011777,105.01396324133384,105.01871490731719,104.96961312060012,104.86832782562124,104.71639812999638,104.51525784592377,104.2662571168039,103.97068066470092,103.6297631165653,103.2447018091043,102.8166674147069,102.34681268862914,101.83627959294245,101.28620502291596,100.69772532847128,100.07197980038472,99.41011326608714,98.713277923438,97.9826345233887,97.21935299635516,96.42461260952405,95.59960172546562,94.74551722849719,93.86356367377448,92.95495220911107,92.02089931227965,91.0626253807568,90.08135320866131,89.07830637815641,88.05470759194577,87.0117769674107,85.95073031447828,84.87277741072467,83.77912029135041,82.67095156482537,81.54945276628132,80.41579275735421,79.27112618085812,78.11659197707195,76.95331196728512,75.78238950803643,74.60490822274005,73.42193080953439,72.23449793079635,71.0436271840008,69.85031215567142,68.65552155827754,67.46019844926195,66.265259533684,65.0715945471893,63.88006571907317,62.691507313924376,61.50672524984111,60.32649679007591,59.15157030816772,57.982665121293394,56.820471390819876,55.66565008787438,54.51883301854832,53.38062290952075,52.251593547087396,51.13228997038095,50.0232287129038,48.92489809109247,47.83775853572297,46.762242964527104,45.69875719194533,44.64768037333852,43.60936548130121,42.584139811078785,41.572305512061575,40.57414014299866,39.589897248806665,38.619806955597596,37.664076582266716,36.72289126631222,35.79641460135463,34.884789284406,33.98813777122996,33.10656293760985,32.24014874419663,31.38896090479102,30.553047554567456,29.732439918036107,28.927152974967612,28.13718612259254,27.362523833668092,26.603136307938257,25.858980117860483,25.129998845339287,24.416123710398097,23.717274190305034,23.19990467617754,22.805262713023694,22.50444415450329,22.281616723164916,22.12703911116114,22.034112977591576,21.99809484090656,22.01549629747751,22.08377612484037,22.201162283105077,22.366536939138314,22.579356144182384,22.83959146568668,23.14768736375845,23.504530900070677,23.911431672488106,24.37011055383482,24.88269623008091,25.451728822750738,26.080170102533884,26.77141998670413,27.529339168744627,28.358277870021993,29.26311083184555,30.249278788396623,31.322836776438635,32.49050975704449,33.75975613924675,35.13883992249612,36.63691229940741,38.26410370290978,40.03162742694258,41.95189611663227,44.038652597140754,46.30711670999881,48.77415003895294,51.4584406435315,54.38071018375922,57.563946100184694,61.0336618348083,64.81818841598579,68.94900110765593,73.46108522106078,78.39334562039585,83.78906490438385,89.69641572056571,96.16903314946103,103.26665357741877,111.0558269318135,119.6107095668849,129.0139454129676,139.35764320974704,150.744457651017,163.28878202024498,177.11805927130627,192.37421739086858,209.21523310316843,227.8168253400654,248.37427616209607,271.1043716711283,294.9408880605188,320.321571526496,347.4211859392526,376.34511550024035,407.1773241071205,439.9913961949642,474.8520861362922,511.8143219798221,550.9214366412489,592.2030934538343,635.6730471178598,681.3268051507766,729.1392433224537,779.06223371753,831.0223534620309,884.9187521191197,940.6212647755456,997.9688649106247,1056.7685553073243,1116.7947956634162,1177.7895613321743,1239.4631181173609,1301.4955828189268,1363.5393181759282,1425.2221842975414,1486.1516373708146,1545.9196316443558,1604.1082440942992,1660.2959048391494,1714.0640825629234,1765.0042452647176,1812.7248947558983,1856.8584603095078,1897.0678340008308,1933.0523381824896,1964.5529340227658,1991.3565081778215,2013.2991108095157,2030.268060098635,2042.2028735530039,2049.095032054989,2050.986626078724,2047.9679724957386,2040.1743229792628,2027.7818098812131,2011.0027919047861,1990.080769815162,1965.2850422792253,1936.9052646069322,1905.2460598851612,1870.6218141813588,1833.3517666053667,1793.755482501787,1752.1487751885434,1708.8401195670012,1664.127580485365,1618.29626056712,1571.6162567253923,1524.3411019628984,1476.7066593155323,1428.9304278102354,1381.211215829535,1333.7291350177838,1286.6458674711175,1240.105160080071,1194.2335021993495,1149.1409459747956,1104.9220323920017,1061.656790164241,1019.4117787637515,978.2411510337843,938.1877148077474,899.2839766779216,861.5531544770347,825.0101480968879,789.6624609764549,755.5110669291462,722.5512189777801,690.7731985308346,660.1630045999191,630.7029838545714,602.3724031695747
dD,0,0.0,0.22475157826113445,0.475543732596293,0.6884039644619406,0.8546312606601987,0.9804428536829164,1.0746245803344436,1.1450795531725362,1.1981271018330517,1.2385932858064734,1.2700820354565394,1.2952467607450444,1.3160177207373636,1.333781193636355,1.349517246098003,1.3639044904668935,1.3773992709426466,1.3902952895948602,1.4027683602142815,1.414909892749165,1.4267518585264725,1.438285328421216,1.4494741721408673,1.4602651222163558,1.4705951134063753,1.4803965855060142,1.4896012683623212,1.4981428395598186,1.505958747978184,1.5129914228563166,1.5191890324268797,1.524505914291467,1.528902768216426,1.5323466783942195,1.5348110145483815,1.5362752480987183,1.536724709833038,1.5361503083147454,1.534548222958847,1.5319195818261733,1.5282701313955158,1.5236099035270172,1.5179528834058829,1.5113166812152485,1.5037222095769494,1.495193368285527,1.4857567375144072,1.4754412804301182,1.4642780559572657,1.4522999423354577,1.4395413719774979,1.4260380780809783,1.4149299252702576,1.409485717792336,1.4123354296008301,1.4254522613944118,1.4503397656851575,1.4882393567088457,1.540307333689043,1.6077560791309224,1.6919671292619114,1.7945858540275594,1.9176063591057755,2.0634535583261595,2.2350679107871656,2.435997190543276,2.6704987837701992,2.9436552647298413,3.2615052511401927,3.6311906367908477,4.06112008584455,4.5611469728083875,5.142757571396714,5.819262036130908,6.6059764066644675,7.520378393648002,8.582213125650242,9.813517659751824,11.238525586837795,12.883406717549633,14.7757934261939,16.94404709348248,19.380901840682554,22.067737190911203,24.97747481828992,28.074297638651387,31.31348444519881,34.64199582409333,37.99989262883855,41.32248808233771,44.54303592869019,47.595698126170646,50.41851463227499,52.956114094589566,55.16195151619468,56.999926564738416,58.44531179264459,59.4849922484475,60.11707820249535,60.34999599985804,60.20118690097911,59.69555148413497,58.86377090030078,57.74061999367905,56.36336510663455,54.77031488035982,52.999568373988495,51.08798331963908,49.07036945575419,46.9788981005795,44.84270939329599,42.68769255299776,40.536411503027466,38.408147624058074,36.319032586805406,34.282246591074454,32.308260410767616,30.40510302501707,28.578640013886343,26.832851111496893,25.17009821330521,23.59137765927335,22.096552737461934,20.684564080423115,19.35361698797169,18.10134574426047,16.92495575028579,15.821344811352901,14.78720524709479,13.819108669677462,12.913575339357067,12.067129985592146,11.27634590154048,10.53787899992858,9.848493374912778,9.205079759599812,8.604668111448973,8.044435404039177,7.521698581182136,7.033917555242624,6.5786988202189605,6.153796686637634,5.757111678427009,5.386686519418163,5.040700355516947,4.717461825348892,4.415401480703167,4.133063937375937,3.869100030998652,3.622259167260836,3.3913819907420475,3.175393447987517,2.975594849222034,2.7932472237125694,2.628879499127379,2.4822608799709087,2.352583397128001,2.238673558590108,2.139170635190567,2.0526578059138956,1.9777503352079293,1.9131499906002318,1.8576749462672524,1.8102728394464975,1.7700228090002383,1.7361307294236212,1.7079205780346456,1.6848239211371947,1.6663688186317813,1.65216896394395,1.6419135440114587,1.6353580803947807,1.6323163657380064,1.6326535166613212,1.6362801079362725,1.6431473216161976,1.6532430302677312,1.666588729697196,1.6832372396524988,1.703271098046116,1.726801583595261,1.7539683121262897,1.7835688199215838,1.8143079727574332,1.8451304520349368,1.8752622432607495,1.904170371899454,1.931508400759867,1.957067527079289,1.9807375201930881,2.0024769907563496,2.0222913218176473,2.0402165554996827,2.056307793501219,2.070630971490118,2.083257131408118,2.0942585278507977,2.1037060695430227,2.1116677228615117,2.118207600022288,2.1233855266696082,2.127256937927541,2.129872992657056,2.131280826129114,2.1315238839320045,2.1306422967750223,2.128673268203329,2.125651456336527,2.121609337346399,2.1165775431477414,2.110585169148635,2.1036600503093723,2.095829005359519,2.0871180501153503,2.077552581532018,2.0671575345345445,2.055957513869089,2.0439769032809636,2.031239954335888,2.0177708570627146,2.0035937945181104,1.9887329832044998,1.9732127011184275,1.9570573050709754,1.9402912387390643,1.9229390327909641,1.9050252982669917,1.8865747142986038,1.8676120110994816,1.8481619490898993,1.8282492948983418,1.8078987949056682,1.7871351469111687,1.7659829704621188,1.7444667762620156,1.7226109350972365,1.7004396465918035,1.6779769081276754,1.6552464841688561,1.63227187621942,1.6090762936260035,1.5856826253711915,1.56211341299786,1.5383908247986255,1.5145366313422528,1.4905721824252396,1.4665183855095165,1.4423956856735458,1.4182240471363912,1.394022936332476,1.3698113065897815,1.345607584366462,1.3214296570608894,1.2972948623687444,1.2732199791571475,1.2492212198335437,1.225314224156591,1.2015140544681344,1.1778351922775983,1.1542915361833366,1.1308964010277123,1.1076625183009128,1.0846020376679917,1.0617265296186815,1.0390469891467546,1.0165738404270996,0.9943169424004736,0.9722855952486498,0.9504885476621894,0.9289340048744634,0.907629637379614,0.8865825903062614,0.8657994933691953,0.8452864713517556,0.825049155081615,0.805092692827202,0.7854217620820236,0.7660405816855018,0.7469529242321187,0.7281621287315829,0.7096711134681755,0.6914823890374464,0.673598071496599,0.6560198956185559,0.6387492282010498,0.6217870813989066,0.6051341260535992,0.5887907049905152,0.5727568462552881,0.5570322762646356,0.5419360795808643,0.5277911039088394,0.5148360743401099,0.5032182677414312,0.4930104451873376,0.48423166471593504,0.4768654443232663,0.4708738490644464,0.4662077915327245,0.462814284016531,0.46064138889187234,0.45964149287328837,0.4597733920554674,0.46100355327143916,0.4633068206903772,0.46666676284712594,0.4710758004143827,0.47653521469828775,0.4830551075583571,0.4906543624056212,0.4993606410234861,0.5092104405762257,0.5202492280291153,0.5325316646267311,0.5461219301596429,0.5610941552417898,0.577532969224194,0.5955341715543909,0.6152055350676164,0.6366677508599423,0.6600555259110479,0.6855188463828199,0.7132244216886647,0.7433573267294378,0.7761228623812713,0.8117486572468806,0.8504870369292803,0.8926176906793444,0.9384506692399555,0.9883297520427732,1.0426362267339755,1.1017931292431058,1.1662699983467064,1.236588204963482,1.3133269231366285,1.397129816983579,1.4887125256145737,1.5888710361623453,1.698491043586273,1.8185584044067582,1.9501708000857434,2.0945507337105482,2.253059990742713,2.427215700058696,2.6187081345688057,2.829420390184623,3.061450076431811,3.3171331396501955,3.59906991824937,3.910153495986833,4.251092728502499,4.622367645109989,5.024643528628985,5.4588103387272895,5.925938552633852,6.427221996863864,6.963923061749483,7.537322251679598,8.14867107655391,8.799146927135098,9.489808808898943,10.221553146225688,10.995069200342186,11.81079395205461,12.668866586109743,13.569082981967313,14.510850867677163,15.493146527964655,16.51447416988185,17.572829232430195,18.665667070633845,19.789878539188066,20.941774034402897,22.117077515402798,23.31093190740421,24.51791708614155,25.732081351635316,26.94698692598604,28.15576956370296,29.351211860707735,30.52582931172492,31.671967622099146,32.78190925936451,33.847986763034896,34.86269994821032,35.81883386565278,36.70957423815844,37.52861709289982,38.27026945495254,38.92953825289442,39.50220499783427,39.98488430987345,40.37506495222624,40.67113266044362,40.87237468906187,40.978966608167866,40.991942438997285,40.913149697074914,40.745191296286976,40.49135654689326,40.15554365158732,39.74217616854094,39.25611587732237,38.70257436476095,38.08702545849337,37.41512039271038,36.69260731084432,35.92525640981239,35.11879172513272,34.278830258368544,33.410828868912176,32.52003909824907,31.61146987286338,30.689857844296057,29.75964497298901,28.82496284570516,27.88962313277716,26.95711353785464,26.030598566268964,25.112924434078195,24.206627454760564,23.313945270192562,22.43683033342859,21.576965099494373,20.735778434000167,19.914462805404582,19.113991883024028,18.335138217946223,17.578490736344975,16.844471823726053
G0,53409,53496.95255738823,53571.20931380277,53640.646184906735,53708.275115244796,53775.19206366489,53841.855246261475,53908.499721848646,53975.27317325569,54042.281505051425,54109.60511439253,54177.305509264,54245.42865496567,54314.00713056402,54383.06178390505,54452.6031212432,54522.63251982759,54593.14330290128,54664.12169970475,54735.547706576705,54807.39586212212,54879.63594743178,54952.233620785395,55025.150994938,55098.34716391317,55171.778685186946,55245.40002223391,55319.16395161423,55393.02193809855,55466.92448074686,55540.82143236832,55614.662294381196,55688.39648875602,55761.97360845225,55835.34364753981,55908.45721202502,55981.26571226784,56053.72153777808,56125.778215106475,56197.390549496966,56268.51475093501,56339.108545209085,56409.13127059538,56478.5439607763,56547.309414608695,56615.39225336661,56682.758966092864,56749.377943703774,56815.21950249965,56880.255897740186,56944.461327947705,57009.368584683834,57076.007265302724,57145.209925906755,57217.74972973238,57294.407405650105,57376.0099991226,57463.45937965716,57557.75809418295,57660.03595733884,57771.579153273735,57893.86304658416,58028.58972760809,58177.731295302874,58343.57990590266,58528.805638734644,58736.523218917246,58970.36855667586,59234.58587350465,59534.12583376844,59874.75452093807,60263.17221266894,60707.13963316263,61215.6076130837,61798.84380859752,62468.54731838255,63237.93878520999,64121.81012123488,65136.51479823208,66299.87736998589,67631.00042700607,69132.47557671432,70809.00116140126,72662.78217162463,74692.34830493364,76892.13946567214,79252.43053586365,81759.525463317,84396.19101103372,87142.2879895964,89975.54196379318,92872.38674596565,95808.8141852659,98761.17161937356,101706.86141127441,104624.91246899216,107496.40906565373,110304.77581832782,113035.92828194209,115678.30589292647,118222.80810318679,120662.65595647923,122993.2007100058,125211.69904975752,127317.0715789909,129309.65805420376,131190.9796557528,132963.51564603086,134630.4992219254,136195.73526767266,137663.44106176172,139038.1097543959,140324.39555760505,141527.0190176347,142650.6904076079,143700.04913111104,144679.61701491274,145593.76345029104,146446.68048436707,147242.3661398608,147984.61443473285,148677.01076861424,149322.9315314559,149925.5469655409,150487.82647152935,151012.54569103676,151502.2948221735,151959.48773115166,152386.37151369432,152785.03623606014,153157.42464864434,153505.34171697518,153830.4638570548,154134.34779585115,154418.43900464365,154684.07967402504,154932.38479359247,155164.4371257282,155381.27508893557,155583.88573406526,155773.2013571941,155950.09860229443,156115.39920521365,156269.87177377846,156414.2341830801,156549.15629909886,156675.262839114,156793.13624394583,156903.31948303248,157006.3187446816,157102.60598494374,157193.69203173928,157280.6121708035,157364.11959841443,157444.7894261147,157523.0772937791,157599.35442420497,157673.9300000257,157747.0663647252,157818.98990479865,157889.8991593091,157959.9710416657,158029.3657141372,158098.2304678929,158166.70285272022,158234.91323336522,158302.98690512188,158371.04587046296,158439.21035618064,158507.60013390525,158576.33569432163,158645.5393158348,158715.33606111788,158785.85472939129,158857.2287880505,158929.59730409898,159003.10589353816,159077.90770525558,159154.16445491146,159232.04752376166,159311.73913719787,159392.8194566853,159475.05316450333,159558.2778303151,159642.36417279192,159727.20120180852,159812.69009509558,159898.74123773782,159985.27248416256,160072.20795369253,160159.4771047381,160247.0139851085,160334.7566108657,160422.64644706104,160510.62797252098,160598.64831522183,160686.65694740356,160774.60543139488,160862.44720852407,160950.13742462732,161037.63278661258,161124.8914453337,161211.87290070654,161298.53792557487,161384.8485053263,161470.76779068072,161556.2600614355,161641.29069926307,161725.82616792453,161809.83399949304,161893.2827853815,161976.14217113974,162058.38285413617,162139.97658336803,162220.8961607553,162301.1154433716,162380.60934614835,162459.35384466327,162537.3259776865,162614.50384921426,162690.86662976793,162766.39455677845,162841.06893391308,162914.87212923297,162987.78757209863,163059.79974876417,163130.89419662228,163201.05749708076,163270.2772670668,163338.54214916893,163405.8418004391,163472.1668798862,163537.509034702,163601.86088526744,163665.21600899278,163727.5689230508,163788.91506606562,163849.25077882325,163908.57328407242,163966.88066548543,164024.17184585042,164080.44656456678,164135.70535451546,164189.94951837545,164243.18110445715,164295.40288212226,164346.61831685825,164396.8315450737,164446.0473486797,164494.271129519,164541.50888370408,164587.76717592147,164633.05311375824,164677.37432210313,164720.73891767295,164763.15548371166,164804.63304490718,164845.18104256789,164884.80931009847,164923.5280488118,164961.34780411082,164998.27944207194,165034.3341264589,165069.5232961932,165103.85864330476,165137.35209138482,165170.01577455932,165201.8620170001,165232.90331298838,165263.15230754297,165292.6217776237,165321.3246139186,165349.27380322202,165376.4824114077,165402.96356700125,165428.7304453531,165453.79625341253,165478.17421510135,165501.8775572856,165524.91949634076,165547.31322530663,165569.0719016253,165590.20863545637,165610.73647856098,165630.66841374693,165650.01734486528,165668.79608734883,165687.01735928192,165704.69377299075,165721.90053260667,165738.69024685363,165755.10421320613,165771.17722993816,165786.93978454985,165802.41916104857,165817.64008512002,165832.6251574144,165847.39517806456,165861.96940677048,165876.36577909664,165890.6010898645,165904.69115029712,165918.65092357053,165932.49464234145,165946.2359111349,165959.88779598422,165973.46290333185,165986.9734498869,166000.43132487687,166013.84814591252,166027.23530950208,166040.6040370983,166053.9654174314,166067.33044577384,166080.7100606914,166094.11517875944,166107.55672765986,166121.0456780217,166134.59307432416,166148.2100651451,166161.90793300804,166175.69812405665,166189.59227776589,166203.60225688323,166217.74017778182,166232.0184413971,166246.44976491292,166261.04721435782,166275.82423827008,166290.79470258948,166305.97292693472,166321.37372242758,166337.01243122906,166352.90496795738,166369.06786316432,166385.51830905396,166402.27420763575,166419.35422151472,166436.7778275315,166454.56537347758,166472.7381381237,166491.31839481488,166510.32947889966,166529.79585927943,166549.74321438104,166570.19851287588,166591.19009948955,166612.7477862684,166634.90294969367,166657.6260683938,166680.90526446287,166704.7347464924,166729.1109750859,166754.0313379812,166779.49364963174,166805.49592838515,166832.03627246953,166859.1127753975,166886.72346035144,166914.86622596963,166943.53880030327,166972.73870126763,167002.463202526,167032.7093040332,167063.47370663146,167094.75279020268,167126.54259496526,167158.83880557012,167191.63673770506,167224.93132696097,167258.71711975065,167292.9882661022,167327.7385141745,167362.96120636436,167398.64927689277,167434.79525077294,167471.39124407544,167508.4289654161,167545.89971860102,167583.7944063705,167622.10353518845,167660.81722103007,167699.92519612232,167739.41681659655,167779.28107101313,167819.50658972078,167860.08165501355,167900.9942120496,167942.23188049626,167983.78196686524,168025.63147750314,168067.76713220065,168110.17537838416,168152.84240585307,168195.75416202514,168238.89636765185,168282.25453296507,168325.81397421585,168369.55983056535,168413.4770812879,168457.5505632453,168501.76498859128,168546.10496266492,168590.5550020317,168635.09955263053,168679.72300798545,168724.4097274408,168769.1440543792,168813.91033438148,168858.69293328907,168903.47625512944,168948.2447598662,168992.98298093662,169037.67554253954,169082.30717663895,169126.8627396487,169171.32722876585,169215.68579792092,169259.9237733157,169304.02666851983,169347.98019909987,169391.77029675574,169435.3831229416,169478.8050819494,169522.02283343615,169565.0233043768,169607.79370042728,169650.32151668362,169692.5945478255,169734.600897634,169776.3289878754
G1,0,0.0,0.0,0.026225049995671264,0.09973629019785869,0.2333869903582047,0.4341108104661956,0.7050949291852118,1.0472150625079777,1.4599197827281427,1.9417742248280523,2.4907987199133075,3.1046819988433323,3.7809159723187156,4.51688072655837,5.309897742542466,6.157262907660119,7.056266828554343,8.00420732320961,8.99839724036121,10.036169610676621,11.114881379240694,12.231916473793335,13.384688642068271,14.570644286671833,15.787265398173478,17.032072610087102,18.302628355455607,19.596540081928296,20.911463472642982,22.245105618690616,23.59522809206458,24.95964987360936,26.336250097221193,27.722970578584086,29.117818103559717,30.518866457721444,31.924258184300534,33.332206062950455,34.74099430623539,36.14897947464195,37.554591114241084,38.956332123939504,40.35277886160378,41.742581000264046,43.12446114714969,44.49721423951748,45.859706732139166,47.210875591953716,48.549727115789885,49.87533558725453,51.21928098237072,52.60281359594322,54.04318737348956,55.556511072267455,57.159136725756255,58.86846507694634,60.70354089384618,62.68559606068397,64.8386111523296,67.18993261937685,69.77097076611214,72.61800019560093,75.77308402594726,79.28514378471613,83.21119743901255,87.61778781583588,92.58262199685117,98.19643825271214,104.56510958786775,111.8119805903298,120.08041535278073,129.5365069221601,140.3718612897075,152.8063200979304,167.09042592974396,183.5073642692625,202.37404220682683,224.04089522313407,248.8899643778857,277.33077588390194,309.41999050867713,345.25927736936114,384.89693051463104,428.3025377139764,475.3580590297635,525.85616808515,579.5043650824324,635.9342307390077,694.7149206965352,755.3696594924824,817.3938058674058,880.2730641326249,943.5005836832186,1006.5919678527328,1069.09754462665,1130.6115821790863,1190.7784226321332,1249.2957349490846,1305.9152443105975,1360.4413837715076,1412.7283446505003,1462.6759885215088,1510.2250398972305,1555.3519173730933,1598.0634924095987,1638.3919966657375,1676.3902359113345,1712.1272139489442,1745.6842249111335,1777.1514368303026,1806.6249628083856,1834.2043973202542,1859.9907828674015,1884.0849650491666,1906.5862909258092,1927.5916052526495,1947.1945008837913,1965.4847826685898,1982.5481079452882,1998.465770864809,2013.314601960384,2027.166958415665,2040.09078424791,2052.1497230411837,2063.403268904523,2073.906943986879,2083.7124931682456,2092.8680884902033,2101.418537521151,2109.405491206461,2116.8676478666853,2123.840950911286,2130.358778562288,2136.452124459837,2142.1497684749056,2147.609859491623,2152.9233191783105,2158.1375843612077,2163.2726768740417,2168.331985792619,2173.309418053234,2178.194065728656,2182.9731847796374,2187.6340342020103,2192.164953567945,2196.5559382913057,2200.7988896815104,2204.8876599318605,2208.817972905095,2212.587274552729,2216.2404159181274,2219.805890282784,2223.303096570276,2226.7461334421923,2230.1458367269865,2233.5109210735523,2236.84865694027,2240.165299166988,2243.4663766482136,2246.756899738724,2250.041515725972,2253.324629471762,2256.61049950929,2259.9033162345168,2263.207266773559,2266.5265898709554,2269.8656233488823,2273.2288461452513,2276.6209165511555,2280.046707982298,2283.511343404462,2287.0202293711595,2290.5790905102103,2294.1940052068903,2297.8714431684743,2301.6183055141996,2305.4419680126257,2309.350328082711,2313.3518561838646,2317.4556522425128,2321.6396685283466,2325.8913788592236,2330.2020177575546,2334.564528991047,2338.9727999438364,2343.421347777465,2347.9051690414412,2352.419652174547,2356.960517181456,2361.523769298241,2366.1056613826277,2370.7026626209295,2375.311432227212,2379.928797262915,2384.5517339253765,2389.1773517823126,2393.802880517347,2398.425658818675,2403.043125096896,2407.6528097628443,2412.2523288339835,2416.839378670027,2421.4117316658812,2425.967232753541,2430.5037965848223,2435.0194052842826,2439.5121066767656,2443.9800129070704,2448.4212993805468,2452.834203963245,2457.217026388757,2461.5681278263064,2465.8859305710794,2470.1689178234105,2474.415633528322,2478.624682251188,2482.79472906902,2486.924499460112,2491.012779177648,2495.0584140953347,2499.060310015319,2503.017432430536,2506.9288062353025,2510.7935153794256,2514.610702462357,2518.379568265047,2522.0993712181025,2525.769426805701,2529.389106905437,2532.957839064906,2536.475105716371,2539.940443331322,2543.353441517117,2546.713742058244,2550.0210379049918,2553.2750721125585,2556.475636733794,2559.6225716689123,2562.7157634756104,2565.7551441431024,2568.7406898336085,2571.672419594864,2574.550394047192,2577.374714048663,2580.1455193418133,2582.8629871853277,2585.527330974021,2588.1387988503534,2590.6976723106245,2593.204264808875,2595.658920361409,2598.0620121547304,2600.413941159556,2602.715134753435,2604.966045354377,2607.167149067745,2609.31894434854,2611.42195068106,2613.476707277789,2615.483771799219,2617.4437190961926,2619.357139976205,2621.224639994988,2623.0468382745607,2624.8243663488133,2626.5578670375735,2628.2479933499826,2629.895407417901,2631.5007794599546,2633.064786776729,2634.5881127775183,2636.071446038951,2637.5154793957054,2638.9209090634704,2640.288433794198,2641.618754063642,2642.9125712910877,2644.1705870911305,2645.3935025572746,2646.5820175770887,2647.7368301785878,2648.858635907463,2649.948127234741,2651.005992994406,2652.0329178504826,2653.029581793046,2653.9966596625895,2654.934820702157,2655.850100283081,2656.746510796309,2657.6269095844536,2658.493442843641,2659.3477915513486,2660.191318620714,2661.025162797615,2661.8503015222586,2662.6675944535336,2663.4778143172316,2664.28166914616,2665.079818536034,2665.872885676108,2666.661466364435,2667.4461358542167,2668.2274541304073,2669.005970044392,2669.7822246144815,2670.5567537150955,2671.330090317196,2672.102766399414,2672.8753146183485,2673.648269804201,2674.4221703316925,2675.1975594044293,2675.974986282239,2676.7550074746596,2677.53818791907,2678.3251021584947,2679.1163355315493,2679.9124853850976,2680.7141623188068,2681.52199146978,2682.3366138447414,2683.1586877067616,2683.9888900232268,2684.827917981598,2685.6764905794844,2686.535350295618,2687.4052648484953,2688.2870290496576,2689.1814667589097,2690.0894329491243,2691.011815888704,2691.9495394502464,2692.9035655544944,2693.874896759226,2694.8645790033825,2695.873704517419,2696.9034149116087,2697.9549044548407,2699.029423557306,2700.1282824713994,2701.2528552261574,2702.4045838116085,2703.584982630545,2704.7956432364385,2706.0382393775053,2707.3145323682916,2708.626376811619,2709.9720206048814,2711.350756575584,2712.7622380558973,2714.2062517787344,2715.682639409296,2717.191267911316,2718.7320163567624,2720.304768587846,2721.9094082128377,2723.5458147249187,2725.2138602950445,2726.91340704761,2728.644304719729,2730.4063886414174,2732.1994779910397,2734.0233742901787,2735.8778601086706,2737.7626979555193,2739.6776293353278,2741.622373953074,2743.596629052709,2745.600068877228,2747.6323442397106,2749.693082196339,2751.7818858136866,2753.89833402364,2756.0419815602086,2758.2123589732155,2760.4089727144833,2762.6313052926416,2764.8788154930926,2767.150938660017,2769.4470870375753,2771.766650167672,2774.1089953418273,2776.4734681048135,2778.859392807832,2781.266073209041,2783.6927931193113,2786.13881709109,2788.6033911482746,2791.08574355497,2793.5850856210054,2796.1006125420463,2798.631504272117,2801.176926426308,2803.7360312114097,2806.3079583821814,2808.891836220921,2811.486782537982,2814.091905690839,2816.7063056192956,2819.3290748943905,2821.959299778563,2824.5960612946096,2827.2384363009783,2829.8854985709427,2832.5363198732134,2835.1899710515586,2837.8455231010385,2840.502048238482,2843.1586209648854,2845.8143191174468,2848.4682249090183,2851.119425952805,2853.7670162702184,2856.410097279854,2859.047778765656,2861.6791798223962,2864.303429776709,2866.919669081988,2869.527050185579,2872.124738366776,2874.711912544259,2877.287766051695,2879.851507380348,2882.402360887654,2884.9395674708226,2887.4623852046425,2889.9700899427858,2892.4619758820127,2894.9373560887934
G2,0,0.0,0.0,0.0,0.0007155119471376305,0.00336655472345477,0.009461569478433714,0.020664155955741295,0.0387129020074612,0.06537044963968211,0.10238942544796559,0.15148882164973942,0.2143371418660167,0.29254000156959625,0.3876306845638391,0.5010626872290858,0.6342036401561194,0.7883302362545467,0.9646239505977215,1.164167435634316,1.387941534604699,1.6368228893601338,1.9115821355394476,2.2128826844772944,2.541280091459316,2.8972220067102334,3.281048700530157,3.692994148361907,4.133187655933435,4.601655999357261,5.098326050392682,5.623027853088524,6.175498114760277,6.755384071712507,7.3622476882691155,7.995570146481167,8.654756583298184,9.339141031963857,10.047991524879153,10.78051531611205,11.535864183070915,12.313139768545557,13.111398926304664,13.929659035670491,14.766903252922406,15.62208566996354,16.494136353374852,17.381966239736563,18.28447186587954,19.200539915503164,20.12905156632966,21.093144016443308,22.109206182155727,23.191397949195636,24.35374681063034,25.611221261927767,26.980407128112507,28.48006040711575,30.13165753378199,31.960001505491217,33.993918804951235,36.267074794225046,38.818934616643524,41.6958986754712,44.95264479948942,48.653712422992555,52.87536686575719,57.70778337339354,63.25759000230781,69.65080438867427,77.0361901824544,85.58904224683064,95.51538298875343,107.05651252080727,120.4938000292053,136.15353084891072,154.41153333109196,175.69720493195672,200.4964462280191,229.35290915939595,262.866892758356,301.24884886271695,344.77918886751,393.68805834659406,448.1197188495398,508.1149814155475,573.6011851520947,644.388524711796,720.1726893365205,800.5434755058396,884.9985435500264,972.9610946711383,1063.8000259845544,1156.8510845749042,1251.4376594004038,1346.890077206483,1442.562556200358,1537.8472747010271,1632.1852968653072,1725.0743411074343,1816.0735671576062,1904.8056919617343,1990.9568263302292,2074.2744608561607,2154.5640304696035,2231.684461718905,2305.5430643943996,2376.090077046212,2443.313120343593,2507.2317575569205,2567.8923107665037,2625.3630365624394,2679.7297268924217,2731.0917695271437,2779.558678043275,2825.247082660647,2868.278159935329,2908.775470364909,2946.863167580145,2982.6645402118957,3016.3008470542704,3047.8904072134405,3077.5479090558442,3105.383904563511,3131.504458867132,3156.0109280323354,3178.9998414563,3200.5628683759423,3220.786850920906,3239.753888821158,3257.54146327983,3274.2225896437794,3289.86599035547,3304.5362812663247,3318.294165754349,3331.196632240566,3343.297151663434,3354.648951939024,3365.3034560448777,3375.3093825379037,3384.712292164537,3393.5544263087427,3401.8747299101997,3409.7089855253957,3417.090009334949,3424.0478767291825,3430.6101566913103,3436.8021420837154,3442.647068244859,3448.166315818197,3453.379596020562,3458.3559046927226,3463.1430771535943,3467.776826172986,3472.285364875003,3476.691880905179,3481.015954306816,3485.2744430796392,3489.4820878143278,3493.6519572479133,3497.795795410079,3501.924302180878,3506.0473653556137,3510.174255606067,3514.313792266889,3518.4744859290645,3522.6646626021065,3526.8925733584965,3531.1664927375914,3535.4948086873724,3539.886106424112,3544.349248271668,3548.8934512903033,3553.528364309874,3558.2641458361436,3563.11154419551,3568.0819812173913,3573.187640720731,3578.4415630683106,3583.8577470773757,3589.451260625764,3595.1961463603725,3601.07860817992,3607.0893357569666,3613.2208279356773,3619.4664421222496,3625.820039915229,3632.275839427149,3638.828340363372,3645.4722760557397,3652.202576906268,3659.014339988581,3665.902802991587,3672.86332179708,3679.891351316147,3686.9824292975068,3694.132162839979,3701.336217346669,3708.590307665514,3715.890191172281,3723.231662567064,3730.610550172364,3738.022713538667,3745.4640421811905,3752.930455288529,3760.417902260005,3767.9223639433894,3775.4398544583,3782.966423502954,3790.4981590531584,3798.031190372506,3805.561691261816,3813.0858834839873,3820.600040307745,3828.100490120302,3835.5836200648473,3843.0458796640573,3850.4837843955756,3857.8939191897102,3865.2729418234503,3872.617586188413,3879.9246654134963,3887.1910748258842,3894.413794736667,3901.589893039701,3908.716527614498,3915.7909485258997,3922.810500015083,3929.772622278065,3936.674853029372,3943.5148288498863,3950.290286319095,3956.999062933097,3963.6390978107183,3970.2084321909892,3976.705209726055,3983.1276765743128,3989.474181299217,3995.743174579752,4001.933208739081,4008.042937098292,4014.071113162542,4020.0165896471894,4025.8783173517654,4031.6553438898254,4037.346812282868,4042.951959426612,4048.470114437982,4053.9006968911667,4059.2432149511014,4064.4972634126707,4069.662521653846,4074.738751510864,4079.7257950834105,4084.623572477616,4089.4320794944906,4094.1513852712233,4098.7816298825555,4103.323021909208,4107.775835980105,4112.140410294867,4116.417144132816,4120.606495354429,4124.708977900934,4128.7251592974535,4132.655658164821,4136.501141744916,4140.262323444083,4143.939960398933,4147.53485106852,4151.047832856655,4154.479779767815,4157.83160009985,4161.104234176451,4164.298652122061,4167.415851681688,4170.456856087834,4173.422711976516,4176.314487354145,4179.133269616799,4181.880163623241,4184.556289822811,4187.1627824391435,4189.7007877104925,4192.171462187246,4194.57597108708,4196.915486708021,4199.191186899558,4201.404253591802,4203.563839882485,4205.676336320231,4207.746765441524,4209.7793716475235,4211.777886145422,4213.745659061397,4215.685735579736,4217.600906952583,4219.493748917949,4221.366652793137,4223.221851617223,4225.061442550672,4226.887406254259,4228.701623750866,4230.505891161159,4232.301932635135,4234.091411751987,4235.875941621263,4237.657093885336,4239.436406795001,4241.215392505915,4242.995543722851,4244.77833980112,4246.565252399441,4248.35775076581,4250.157306727136,4251.965399444364,4253.783519987199,4255.613175776177,4257.455894934613,4259.313230588543,4261.186765149267,4263.078114610186,4264.988932887353,4266.920916231336,4268.875807736677,4270.855401974223,4272.861549771012,4274.896163162047,4276.961220538265,4279.058772015168,4281.190945047054,4283.3599503123805,4285.568087896664,4287.817753800345,4290.111446800269,4292.451775694858,4294.841466964629,4297.28337288152,4299.7804801024495,4302.335918784703,4304.952972263138,4307.635087331748,4310.385885174959,4313.209172997042,4316.108956401291,4319.089452574161,4322.1551043332865,4325.310595102414,4328.5608648805855,4331.90198138532,4335.332579739727,4338.852170760639,4342.4605812293075,4346.157762012254,4349.943716682976,4353.818470362537,4357.782052594804,4361.834485626327,4365.975775176325,4370.205902655453,4374.524818415103,4378.932435823576,4383.428626045236,4388.013213433219,4392.685971464641,4397.44661915938,4402.294817932665,4407.230168839155,4412.252210172458,4417.360415389295,4422.554191332054,4427.832876727289,4433.195740940971,4438.641982974079,4444.170730684435,4449.781040222644,4455.471895671667,4461.242208880877,4467.090819486623,4473.016495112195,4479.0179317408465,4485.093754256113,4491.242517144101,4497.462705352758,4503.752735303383,4510.110956049766,4516.535650580455,4523.025037259627,4529.577271402066,4536.190446977619,4542.862598440461,4549.5917026783045,4556.375681076605,4563.2124016925945,4570.099681533829,4577.0352889357655,4584.016946032671,4591.042331316019,4598.109082274353,4605.214798108403,4612.3570425151365,4619.533346534248,4626.741211450472,4633.97811174502,4641.241498089321,4648.52880037419,4655.837430767499,4663.164786793394,4670.508254426077,4677.865211191212,4685.233029268038,4692.609078585305,4699.990729904277,4707.375357882097,4714.760344108962,4722.143080112689,4729.520970324401,4736.891434999274,4744.251913086447,4751.599865042444,4758.932775582672,4766.248156365796,4773.543548606099,4780.8165256091315,4788.064695226315,4795.2857022244,4802.477230566012,4809.637005597817,4816.762796143146,4823.8524164962455,4830.90372831563
G3,0,0.0,0.0,0.0,0.0,5.019521777646713e-06,2.8467883689100082e-05,9.415293337032099e-05,0.00023748674175719532,0.0005061794284777342,0.0009605753217564469,0.0016737255367609727,0.0027312585496833417,0.0042310894338276755,0.006282994626711014,0.009008070431235558,0.012538088409417317,0.017014758175769657,0.022588906923418653,0.029419584689447602,0.03767310447792028,0.04752202665521613,0.059144097360488354,0.0727211509470774,0.08843798664202028,0.10648122965873322,0.12703818691591978,0.15029570730615346,0.17643905612806104,0.20565081285728784,0.23810980089585398,0.27399005732041704,0.3134598499610498,0.3566807483972297,0.40380675467048915,0.45498349869693794,0.5103475025305084,0.5700255167915249,0.6341339317465258,0.7027782647147369,0.7760527246937851,0.8540398543506134,0.9368102488204519,1.024422350103217,1.116922315247781,1.2143439559738751,1.3167087469015042,1.4240258991400803,1.536292495634411,1.6534936843716315,1.7756029253206969,1.9060301613818018,2.0473947474644323,2.202141983184977,2.372847235149824,2.5623883274047157,2.7740702774665564,3.011741073121006,3.2799171358614325,3.5839289602004887,3.930094627017791,4.325928471974077,4.780392844338312,5.3042020715294464,5.910189217249828,6.6137478618179095,7.4333628303026575,8.391245396145155,9.514089767759682,10.833968285827586,12.389382239094203,14.226482893398881,16.400472381141725,18.977185501453654,22.034840115474765,25.66592461678413,29.979165165268526,35.10148296985546,41.17981411267481,48.38262424136669,56.900913140005265,66.83243703699804,78.2990324852936,91.41469151003773,106.27490357143012,122.95026845436988,141.48173922301197,161.8773162611121,184.1103497583691,208.11953902166056,233.81057478966403,261.0592355319522,289.7156473225475,319.60935840480255,350.5548634012636,382.35723163086675,414.81753946772255,447.73786772358847,480.9256922534578,514.1975618655049,547.3820168768018,580.321751131337,612.875058615257,644.9166329591366,676.337805036543,707.0463120353561,736.9656925263473,766.034397940102,794.2047031191653,821.4414886514675,847.7209566701036,873.0293306161251,897.3615787513871,920.7201914083649,943.1140333255955,964.5572850534912,985.0684813341804,1004.6696494968172,1023.3855471563551,1041.2429957236234,1058.2703042825083,1074.496777122461,1089.952297496746,1104.6669798875487,1118.670883092727,1131.9937767163144,1144.6649540723097,1156.7130850397934,1168.1661029908291,1179.0511205159125,1189.3943692691992,1199.221159829272,1208.5558580088282,1217.4218745411408,1225.8416655188992,1233.836741361131,1241.427682437375,1248.634159787395,1255.4749795325079,1261.9681103253502,1268.1307066820577,1273.9791327482162,1279.5289876859688,1284.7951326077139,1289.7917185905342,1294.532215255085,1299.0294394602538,1303.2955837605357,1307.3422443634151,1311.180448399117,1314.8206803739472,1318.3031686331963,1321.6558441256814,1324.8999429447708,1328.0527112719049,1331.1287568699968,1334.140772925413,1337.099969789728,1340.0163671232083,1342.8990147080954,1345.7561723077206,1348.5954623600546,1351.4240022622776,1354.2485201213244,1357.075456689194,1359.911055719168,1362.7614447354713,1365.632708038388,1368.5309536149327,1371.4623754799889,1374.4333128364904,1377.4503073206824,1380.5201594939049,1383.6499856581675,1386.8472760101224,1390.1199551069953,1393.4764455982092,1396.9257361772281,1400.4774547289653,1404.1419476885542,1407.9303666872122,1411.8289032637006,1415.8311914629066,1419.9333514510852,1424.1323350406562,1428.4253910641721,1432.8099019099027,1437.2833371992365,1441.8432405214503,1446.4872228903896,1451.2129557430324,1456.0181623130363,1460.9006078513005,1465.8580894227055,1470.8884258833464,1475.9894484540098,1481.1589921430286,1486.3948881512856,1491.6949573092552,1497.057004541648,1502.478814321259,1507.9581470537241,1513.4927363244208,1519.080286934503,1524.7184736527686,1530.4049406122124,1536.13730128369,1541.913138963419,1547.7300077156428,1553.5854337163944,1559.4769169487495,1565.4019332041642,1571.3579363483957,1577.3423608140927,1583.352624285416,1589.3861305430344,1595.4402724405381,1601.5124349857686,1607.5999985027877,1613.7003418522372,1619.8108456896844,1625.9288957432393,1632.0518860932862,1638.1772224385938,1644.3023253344065,1650.424633389338,1656.5416064090466,1662.650728475747,1668.7495109536226,1674.8354954111605,1680.906256452333,1686.9594044494033,1692.992588170945,1699.0034972994397,1704.9898648335445,1710.9494693708264,1716.8801372674186,1722.7797446716909,1728.6462194296225,1734.4775428601406,1740.2717513992236,1746.0269381120822,1751.7412540732148,1757.4129096145857,1763.040175442605,1768.6213836249863,1774.1549284489322,1779.639267152447,1785.0729205308908,1790.4544734211906,1795.782575066393,1801.055939363485,1806.27334499764,1811.4336354662362,1816.5357189961828,1821.5785683582324,1826.5612205821021,1831.4827765763396,1836.3424006569571,1841.1393199889465,1845.8728239448353,1850.5422633844944,1855.1470498604308,1859.686654752812,1864.160608338466,1868.5684987980858,1872.909971165836,1877.184726225528,1881.3925193574705,1885.533159340048,1889.6065071100131,1893.6124744853942,1897.5510228548455,1901.4221618371685,1905.2259479146392,1908.962483043676,1912.6319132462743,1916.2344271855231,1919.7702547284086,1923.239665498989,1926.6429674249125,1929.980505280121,1933.2526592264724,1936.4598433568822,1939.6025042424687,1942.6811194860622,1945.696196284316,1948.6482700005388,1951.537902750244,1954.3754759962064,1957.1680644774872,1959.9211972198275,1962.6395818930162,1965.3274145792607,1967.9885237990288,1970.6264476806691,1973.2444832863541,1975.84572339173,1978.4330867215676,1981.0093440513515,1983.5771412214833,1986.1390196039556,1988.6974343748673,1991.25477087444,1993.8133593026664,1996.3754879763849,1998.9434153538205,2001.5193810133937,2004.1056157548514,2006.7043509729442,2009.3178274373834,2011.9483035978863,2014.598063519884,2017.2694245449009,2019.9647447596624,2022.6864303495236,2025.436942904715,2028.2188067420368,2031.0346162998712,2033.8870436606014,2036.7788462516291,2039.7128747740553,2042.692081406674,2045.719528332133,2048.7983966318984,2051.9319955969677,2055.1237725020583,2058.3773228922596,2061.6964014328037,2065.0849333747183,2068.5470266916327,2072.0869849459214,2075.709320945697,2079.4187712578923,2083.220311646839,2087.1191735123443,2091.120861406319,2095.231171712546,2099.456212580211,2103.802425208389,2108.2766065858063,2112.885933797933,2117.6379900218385,2122.5407923382904,2127.6028215003557,2132.8330538083305,2138.240995252204,2143.8367180951377,2149.6309000846604,2155.619076300399,2161.8012190015293,2168.1787650337196,2174.753648504785,2181.5279821215418,2188.503947484452,2195.6837521671246,2203.0696078991646,2210.66371538047,2218.4682512786235,2226.4853561276805,2234.7171228102766,2243.1655855729805,2251.832709582011,2260.7203810259753,2269.8303977606442,2279.164460480604,2288.7241643962966,2298.5109913920764,2308.526302640465,2318.771331648972,2329.247177717943,2339.954799790484,2350.895010678278,2362.068471649841,2373.4756873703473,2385.1170011845525,2396.992590736426,2409.102463920989,2421.446455165422,2434.0242220378286,2446.8352421831464,2459.8788105865183,2473.1540371651167,2486.6598446898465,2500.3949670386446,2514.3579477832204,2528.547139111069,2542.9607010844475,2557.5966012377603,2572.4526145144514,2587.5263235440625,2602.815119259617,2618.316201854903,2634.026582080612,2649.9430828776067,2666.062341344873,2682.3808110389796,2698.894764601091,2715.6002967068007,2732.493327333258,2749.569605337273,2766.82471233728,2784.254066891272,2801.8529289620396,2819.616404660295,2837.5394512555454,2855.6168824438723,2873.8433738611047,2892.213468829248,2910.7215843234308,2929.362017146083,2948.1289502945524,2967.0164595078986,2986.0185199782013,3005.129013211354,3024.3417340220026,3043.6503976470367,3063.0486469618413,3082.5300597833593,3102.0881562439336,3121.7164062198517,3141.408236798536,3161.1570397683845,3180.956179115394,3200.7989985108698,3220.6788287747368,3240.5889952992547,3260.5228254182334,3280.473655707217,3300.434839200505,3320.3997525113055
D0,768,768.0,768.2247515782611,768.7002953108574,769.3886992753194,770.2432802030445,771.223511901625,772.2976097863653,773.4416704175158,774.6381068721307,775.8741687983412,777.1407280808062,778.4313318652733,779.7414800643402,781.068080269501,782.4090394930037,783.7629602841881,785.1289159981247,786.506285856018,787.8946350238376,789.2936284737945,790.7029701048046,792.1223606691764,793.5514696313106,794.9899172852474,796.4372643701491,797.8930071144677,799.3565761629011,800.827338235386,802.3045996649788,803.7876111850218,805.275573503402,806.7676433266712,808.2629395897416,809.7605497157381,811.2595357813958,812.758940500718,814.257792966909,815.7551141124644,817.2499218617093,818.7412359604757,820.2280824751045,821.7094979583471,823.1845332836319,824.6522571519747,826.1117592778745,827.5621532620684,829.0025791601794,830.4322057571928,831.8502325584099,833.2558915081074,834.6484484476066,836.0272043248418,837.3944838063283,838.7557564297615,840.1190181427295,841.4941558223238,842.8924922846195,844.3265312969937,845.8098730703189,847.3572655504795,848.9847642330536,850.7099825948578,852.5524235189008,854.5338887631568,856.678968789014,859.0156194369328,861.5758352586417,864.3964319120984,867.5199518918682,870.9957088594899,874.880985660809,879.2423993077119,884.1574421149951,889.7162009874246,896.0232455515238,903.1996593322283,911.3851654503156,920.740268629567,931.4482985971207,943.7171973500659,957.7808470857594,973.8996919121997,992.3268350783669,1013.297215884718,1037.0195667490632,1063.6681342585948,1093.3742752945154,1126.2186421102392,1162.224745426882,1201.3545879537962,1243.5068702933238,1288.5180252364391,1336.1660715172477,1386.1770297471223,1438.2334409612458,1491.9843911477299,1547.0563805937416,1603.064381293987,1659.6224872896673,1716.3536652243502,1772.8982378748433,1828.9208655410307,1884.1159156361095,1938.211220166642,1990.9703085169986,2042.193266995631,2091.716417599604,2139.4110289040777,2185.181275448811,2228.9616524523185,2270.714034040437,2310.4245389378516,2348.100340671835,2383.766532069584,2417.4631278602496,2449.2422656248264,2479.165644806027,2507.302226260557,2533.7262008983766,2558.515225110007,2581.7489126191826,2603.5075667392175,2623.8711333634865,2642.9183530003065,2660.726089416671,2677.3688126705374,2692.918215219579,2707.44294117293,2721.0084104219463,2733.676721205855,2745.5066165318185,2756.5535016985195,2766.8695019137444,2776.5035506143563,2785.5015005710607,2793.9062511812976,2801.757886520499,2809.093567505316,2815.947695577821,2822.352162328804,2828.336601590466,2833.9286124437394,2839.153946175565,2844.036660532045,2848.5992478683334,2852.862743860826,2856.8468222992387,2860.569880062635,2864.0491151088945,2867.3005993044117,2870.339347197364,2873.17938135114,2875.8358495284024,2878.3249776578987,2880.663405408997,2882.8675005847745,2884.952840793917,2886.9338879279135,2888.8238246853803,2890.634510010939,2892.376514179264,2894.0592026899144,2895.690846608369,2897.278744016825,2898.829342583329,2900.34835711915,2901.840878682493,2903.311473598588,2904.764271946346,2906.203045798174,2907.6312779311334,2909.0522219547015,2910.468954893867,2911.884423275612,2913.3014837259766,2914.7229390167017,2916.1515704200797,2917.5901671478186,2919.0415535704724,2920.5086148418377,2921.9943214895447,2923.5017534796243,2925.03294543996,2926.5888092562277,2928.1693440749577,2929.7738821641015,2931.401299580204,2933.050179113587,2934.718930322674,2936.4058752486576,2938.10930800575,2939.827535000273,2941.558901038002,2943.3018053075707,2945.0547102178757,2946.8161452896143,2948.584707711344,2950.3590607275014,2952.137930695389,2953.9201034031385,2955.704420060076,2957.4897732387067,2959.2751029514975,2961.059392976512,2962.841667496815,2964.620988084142,2966.3964510337164,2968.1671850413636,2969.932349204038,2971.691131318895,2973.4427464529426,2975.1864357542154,2976.9214654756297,2978.6471261838306,2980.362732126993,2982.067620737526,2983.7611522477528,2985.4427093987747,2987.111697224844,2988.767542897556,2990.4096956160515,2992.0376265311625,2993.650828692998,2995.248817012933,2996.8311282322447,2998.3973208908074,2999.9469752903087,3001.4796934473634,3002.9950990327325,3004.4928372935783,3005.9725749563313,3007.4340001083037,3008.8768220566894,3010.300771164013,3011.7055986594787,3013.0910764259934,3014.456996762925,3015.803172124903,3017.129434837179,3018.4356367882397,3019.7216491005283,3020.9873617802396,3022.23268334727,3023.4575404464854,3024.6618774415356,3025.845655992489,3027.008854618607,3028.151468247598,3029.273507752697,3030.3749994789255,3031.4559847598885,3032.516519426427,3033.5566733084524,3034.576529731243,3035.57618500746,3036.5557479260992,3037.5153392395614,3038.4550911499746,3039.3751467958573,3040.2756597401685,3041.156793460736,3042.0187208440025,3042.8616236829857,3043.6856921802846,3044.4911244569225,3045.2781260677607,3046.0469095241588,3046.797693824521,3047.5307039933004,3048.2461706289946,3048.944329461614,3049.6254209200556,3050.2896897097694,3050.9373844010624,3051.568757028336,3052.1840627005217,3052.783559222922,3053.3675067306513,3053.9361673338053,3054.4898047744787,3055.0286840956996,3055.5530713223293,3056.0632331539377,3056.559436669647,3057.041949044898,3057.5110372800814,3057.966967940941,3058.410006910647,3058.8404191534114,3059.2584684894928,3059.6645377301174,3060.0591292426493,3060.4428322523604,3060.8162871924314,3061.180156253712,3061.5351016753434,3061.8817708682127,3062.220786905058,3062.5527429907484,3062.878199778398,3063.197684659003,3063.5116923754886,3063.8206864883336,3064.125101354223,3064.425344379528,3064.7217983843975,3065.0148239672203,3065.304761798236,3065.5919347989206,3065.8766501833884,3066.1592013516365,3066.439869633629,3066.7189258892245,3066.9966319726755,3067.273242072556,3067.5490039389997,3067.824160010391,3068.098948451441,3068.373604114043,3068.6483594316014,3068.923445256755,3069.199091651583,3069.4755286386253,3069.7529869202785,3070.031698573467,3070.3118977258664,3070.593821219414,3070.8777092663795,3071.1638061028493,3071.452360644165,3071.743627146549,3072.0378658789555,3072.335343808993,3072.636335306653,3072.941122869494,3073.2499978728806,3073.5632613488892,3073.881224797497,3074.2042110337516,3074.5325550746916,3074.8666050699203,3075.206723279865,3075.5532871059395,3075.906690177016,3076.2673434968406,3076.6356766572712,3077.0121391225,3077.3972015897098,3077.7913574319655,3078.195124229463,3078.608925315316,3079.0330781495168,3079.4678106265637,3079.9132813074593,3080.3695970062167,3080.8368265473778,3081.3150110444994,3081.804171377147,3082.3043135165312,3082.815432236954,3083.337513633309,3083.8705367654807,3084.4144746714933,3084.9692949301852,3085.534959907709,3086.11142678699,3086.698647452891,3087.2965682860718,3087.9051299038197,3088.5242668752203,3089.1539074299844,3089.793973174326,3090.4443788229787,3091.1050319533038,3091.775832785195,3092.456673988899,3093.1474405217486,3093.8480094940223,3094.558250063658,3095.2780233591807,3096.007182430018,3096.745572223247,3097.4930295857685,3098.2493832908785,3099.0144540882256,3099.7880547761574,3100.5699902955,3101.360057843841,3102.1580470094273,3102.963739923815,3103.776911432435,3104.5973292822696,3105.4247543258366,3106.25894074071,3107.099636263795,3107.9465824395975,3108.799514881713,3109.658163546777,3110.522253020096,3111.391502812186,3112.265627665435,3113.1443378700956,3114.0273395888075,3114.9143351888497,3115.8050235812993,3116.699100566285,3117.5962591835037,3118.496190067175,3119.3985818046026,3120.303121297506,3121.2094941253,3122.1173849094894,3123.026477678362,3123.9364562311625,3124.8470045009494,3125.757806915341,3126.6685487543764,3127.57891650473,3128.488598209543,3129.397283813148,3130.304665499995,3131.210438027102,3132.114299049395,3133.01594943731,3133.9150935860803,3134.8114397161485,3135.7047001641863,3136.594591664231,3137.4808356184863,3138.363158357372
D1,0,0.0,0.0,0.0,0.0,5.0332935069081855e-05,0.0002601147773182744,0.0007798384583622267,0.001778132447610129,0.0034221990861191803,0.0058645360823207215,0.009235487725888988,0.013640215539170768,0.019158631838030224,0.025847108343784994,0.03374109724911758,0.042858087517303876,0.05320053901522233,0.0647585937800822,0.07751246891920738,0.09143450226289013,0.10649086122002994,0.12264294619762575,0.1398485289885211,0.1580626683281705,0.1772384425068281,0.19732753454734425,0.2182807003029204,0.24004814465289587,0.2625798261916027,0.28582570660893425,0.30973595741051013,0.3342611337019408,0.3593523224072461,0.38496127043038597,0.4110404968221833,0.4375433919080094,0.46442430549786295,0.49163862568275696,0.5191428492719438,0.5468946446055075,0.5748529072549702,0.6029778089760393,0.6312308401831398,0.6595748461599649,0.6879740571925118,0.7163941128023,0.744802080261194,0.7731664675806933,0.8014572311841879,0.8296457784879943,0.8577049656342177,0.8856090906344145,0.913396141747176,0.9411705440716271,0.9690904992206564,0.9973549184152081,1.0261940632249944,1.0558643140491917,1.0866464674834144,1.1188468555320952,1.1528007322085496,1.1888775665043956,1.2274880517717721,1.269092779528214,1.3142126347830012,1.3634410567153668,1.417458377903837,1.4770485097917323,1.5431182813978255,1.6167197592344693,1.6990758725642285,1.7916096295284638,1.8959771224335988,2.014104366703532,2.1482277763011526,2.300937725380319,2.475224159260559,2.674522581698264,2.9027579585208967,3.164383163698902,3.4644076135513315,3.8084107963226996,4.201817602463786,4.649666720031186,5.156438251197809,5.725876104846869,6.360807579313821,7.062975446459964,7.832899464374142,8.669782184278203,9.571469844341495,10.534473877115545,11.554052879743887,12.624349569518115,13.73857290417188,14.889212598695861,16.068271876454894,17.267504376667997,18.478642452431497,19.693606282217868,20.904685903121525,22.10469110444356,23.28706680960512,24.445973920013174,25.576337477684206,26.673865379535695,27.735041758562645,28.7570995888028,29.737977148242415,30.676262771776482,31.571131928658925,32.42228014076624,33.22985468237319,33.99438741820986,34.7167305801275,35.39799677750213,36.03950409622362,36.64272677148232,37.20925162042333,37.74074018789384,38.23889638525074,38.7054392805042,39.142080619521536,39.55050661439825,39.93236351884387,40.28924651481529,40.62269145391077,40.934169026438404,41.22508096674186,41.496757942286564,41.750458813892294,41.98737099367078,42.208611664524256,42.41522965972423,42.60820783267833,42.78846577530734,42.95686276847242,43.1144531041015,43.26245587170552,43.40214213033542,43.534725628390525,43.661286126904024,43.78272862171266,43.89977183300095,44.01295692488063,44.122668217479266,44.22915952152123,44.332581679374115,44.433008548479286,44.53045991176856,44.624920670429496,44.71635623792856,44.8048124205538,44.890422291524075,44.973383680459996,45.05393257873649,45.132321083223225,45.2088016888448,45.28361727158829,45.35699544769189,45.42914602762087,45.50026052776975,45.57051297073774,45.64006143314947,45.70904997531763,45.777610714644496,45.84586589440711,45.913929861131344,45.98191090506873,46.04991294537886,46.11803705889138,46.18638286191465,46.25504976067767,46.324138089172884,46.39375015446697,46.463991209690334,46.534970374394454,46.60680152111092,46.67960414597488,46.75350424033271,46.82863517942885,46.90513864361705,46.98310447896546,47.062566251949235,47.143511722386606,47.22589523935237,47.30964838380083,47.39468820301256,47.480923276627216,47.568258048999354,47.656595842633834,47.74584089395928,47.83589967676131,47.926681714167756,48.018100029070645,48.11007134368837,48.20251610932684,48.29535842516484,48.38852588831743,48.4819494051454,48.57556298471922,48.66930352870478,48.763110627104396,48.856926365798216,48.950695149341314,49.044363540719274,49.137880118554804,49.23119535144395,49.32426148857367,49.41703246545239,49.509463823411394,49.60151264146381,49.69313747910661,49.784298328696565,49.874956576105745,49.96507496845413,50.05461758781759,50.14354982991282,50.23183838686284,50.31945123324461,50.406357614712824,50.49252803857996,50.577934265811486,50.662549303967566,50.74634740068765,50.82930403737329,50.911395922777416,50.99260098625522,51.0728983704741,51.152268423417134,51.230692689547716,51.30815390003211,51.38463596194234,51.460123946384336,51.53460407551615,51.60806370843804,51.68049132595145,51.751876514196745,51.82220994719065,51.89148336829412,51.95968957064919,52.02682237663038,52.0928766163617,52.157848105355114,52.22173362132977,52.28453088027436,52.346238511816985,52.40685603396833,52.46638382730496,52.524823108659646,52.58217590438581,52.63844502326229,52.69363402910414,52.74774721314344,52.800789566243225,52.85276675100529,52.90368507383117,52.953551456993196,53.0023734107704,53.05015900570166,53.096916845005886,53.142656037216824,53.18738616907696,53.23111727873291,53.2738598292717,53.31562468263473,53.35642307394375,53.39626658627042,53.43516712587838,53.473136897964494,53.51018838292313,53.546334313155135,53.58158765044068,53.615961563893,53.649469408507635,53.68212470431988,53.71394111618095,53.7449324341614,53.77511255458864,53.80449546172335,53.83309521007806,53.860925907379595,53.88800169817533,53.91433674808214,53.9399452286752,53.96484130301277,53.98903911179195,54.01255276012914,54.035396304957985,54.05758374303687,54.07913931015293,54.10009736120317,54.12049914627828,54.140389317683635,54.15981311412693,54.178814402990454,54.19743448076026,54.21571145486253,54.23368003398705,54.25137158478828,54.26881434817061,54.28603373965338,54.30305268314874,54.31989194597158,54.33657045603589,54.35310559116142,54.3695134362989,54.38580900816795,54.40200644896803,54.41811919197277,54.43416010231066,54.45014159631997,54.46607574271312,54.481974348507194,54.4978490323444,54.51371128748343,54.52957253641532,54.545444178758586,54.5613376338249,54.577264379018246,54.593235985036884,54.60926414868491,54.62536072396545,54.64153775201685,54.657807490362885,54.67418244187532,54.690675383788715,54.707299397061206,54.72406789633866,54.740994660751966,54.758093865756024,54.775380116203806,54.7928684808384,54.81057452837928,54.828514365376,54.84670467600215,54.86516276396434,54.88390659670569,54.90295485208899,54.922326967752966,54.94204319334449,54.96212464584045,54.9825933681856,55.00347239148643,55.024785801016286,55.04655880630349,55.06881781559238,55.09159051498626,55.114905952602236,55.13879462809036,55.16328147490739,55.188385169246,55.21411909352941,55.240492532622476,55.267511713684776,55.29518061956704,55.32350159644945,55.352475795810406,55.382103489187585,55.412384287503585,55.44331728980862,55.47490118041137,55.507134288695674,55.54001462231029,55.5735398816694,55.607707461624074,55.64251444460413,55.6779575883626,55.71403331058556,55.75073767198521,55.788066359018266,55.82601466702204,55.86457748430547,55.90374927754764,55.94352407872329,55.98389547368078,56.02485659243157,56.06640010116501,56.1085181959715,56.15120259823725,56.19444455166151,56.23823482084025,56.28256369135668,56.327420971318176,56.37279599427959,56.41867762349426,56.46505425743607,56.5119138365378,56.55924385109299,56.607031350270375,56.65526295219167,56.70392485502444,56.75300284904326,56.80248232961278,56.85234831104692,56.902585441298804,56.95317801743589,57.00411000185478,57.05536503919002,57.10692647387078,57.15877736827883,57.21090052146097,57.26327848834854,57.31589359943597,57.36872798087033,57.421763574903096,57.47498216065513,57.528365375145846,57.581894734537094,57.635551655542514,57.689317476953065,57.74317348122973,57.79710091611463,57.851081016212355,57.90509502449386,57.95912421367599,58.01314990743063,58.06715350137835,58.12111648382272,58.17502045618252,58.228847153080594,58.28257846204941,58.336196442815215,58.389683346124144,58.443021632075464,58.49619398792917,58.54918334535681,58.601972897106734,58.65454611305677,58.70688675562957
D2,0,0.0,0.0,0.0,0.0,0.0,1.3732601608910246e-06,8.335539387445455e-06,2.8905420470900927e-05,7.528498810131987e-05,0.0001637848370872089,0.00031444928459392976,0.0005505138861079748,0.000897791707315314,0.001384052297649235,0.0020384319449727626,0.0028908956449336075,0.003971759111004506,0.005311271640557365,0.006939256417272458,0.008884802796422469,0.011176004476063402,0.013839737625788832,0.016901473634157334,0.020385121895167068,0.024312898832223956,0.02870522007201251,0.03358061329185248,0.038955649761090304,0.044844892984066145,0.051260863141493244,0.0582140162342345,0.06571273697444993,0.07376334455879978,0.08237011050986423,0.09153528779614861,0.10125915044691262,0.11154004287267577,0.12237443809108542,0.13375700404501908,0.14568067718835176,0.1581367425068821,0.1711149191388964,0.18460345076261436,0.19858919992672747,0.2130577455154933,0.22799348256121668,0.24337972364406824,0.25919880115156224,0.2754321697070388,0.2920605081175121,0.30906382023555895,0.32642153417682557,0.34415915585252216,0.36235239018658427,0.3811200312388876,0.40061639159396284,0.4210262927327354,0.4425629999518622,0.46546876380733604,0.49001756279096437,0.5165197613758036,0.5453285463146801,0.5768481383469954,0.6115438902409124,0.6499544796596943,0.6927064921223274,0.7405317691733262,0.7942879713197917,0.854982873276982,0.9238029665806059,1.0021469841637924,1.0916649712978221,1.194303490513717,1.3123574421134974,1.4485287779502654,1.6059920502949965,1.7884662329409888,2.0002915435177844,2.2465090601850526,2.532939761159625,2.8662582588083856,3.2540550426667565,3.7040306506537486,4.223749811899634,4.820444932726586,5.500792352735977,6.270663441531724,7.134868334282164,8.09691335107918,9.158792583280631,10.320831296470471,11.5815942465864,12.937866335966618,14.384706967274768,15.915573702072514,17.522505992617653,19.196356227720727,20.927053290945434,22.70388324300715,24.515772423914818,26.351559939970404,28.200248830915665,30.05122788427163,31.894458797862015,33.72062596704549,35.52124843533395,37.288755404080725,39.01652811178391,40.698911872481716,42.3312026427911,43.90961272469498,45.43122017195019,46.893906219376355,48.29628465984701,49.63762660970214,50.91778357644572,52.13711121005734,53.296395608616315,54.396783579230274,55.43971783819446,56.42687777567519,57.360126111234386,58.24146152509029,59.07297716178814,59.856824762217606,60.59518408027657,61.2902371754211,61.94414713556772,62.5590407705139,63.13699481902839,63.68002522853631,64.19007909108953,64.66902884994659,65.11866842508407,65.54071094136806,65.93678777845133,66.30844869565358,66.65716281738199,66.9843262052916,67.29126874278423,67.57925832989164,67.84950257911544,68.10314889490645,68.34128384794518,68.5649325419931,68.77505841309467,68.97256367902531,69.15829049468009,69.33302276467938,69.49748850656547,69.65236263359745,69.79827002385458,69.93588622651635,70.06593829341023,70.18917704861049,70.30634773323777,70.41816741510712,70.52531034925798,70.6284000639009,70.72800643752689,70.8246461964727,70.91878560150242,71.01084442457737,71.10120058890826,71.19019505100273,71.27813665262788,71.36530677615401,71.45196370998549,71.5383466806806,71.62467954163186,71.71117412972947,71.79803331481382,71.88545377448705,71.97362853082579,72.06274928702143,72.15300860189637,72.24460193925928,72.33772962762592,72.43259876426136,72.52942509600928,72.6284349081086,72.72986695125225,72.83389341460583,72.94061326534919,73.05006469073504,73.16223999810414,73.27709841647653,73.3945760506813,73.5145933089051,73.6370603282535,73.761880879135,73.88895513411619,74.01818159686475,74.14945841418741,74.28268423851,74.41775876614156,74.55458304504602,74.6930596220042,74.83309258103084,74.97458751127297,75.11745143229382,75.2615926968446,75.40692088534861,75.55334670191401,75.70078187840713,75.84913909069034,75.99833188935402,76.14827464599179,76.29888251516262,76.45007141155698,76.60175800146837,76.75385970740884,76.9062947245583,77.05898204766972,77.21184150704227,77.36479381220478,77.51776060200869,77.6706644999037,77.82342917325344,77.97597939563751,78.1282411111761,78.28014150000321,78.4316090441,78.58257359278261,78.73296642721647,78.88272032340208,79.03176961314529,79.18005024258807,79.32749982793462,79.4740577080607,79.61966499374444,79.7642646133018,79.90780135445182,80.0502219022748,80.19147487316172,80.33151084468487,80.47028238134853,80.60774405620532,80.74385246834736,80.87856625630315,81.01184610739074,81.14365476309487,81.27395702055185,81.4027197302394,81.52991178998143,81.65550413538796,81.7794697268601,81.9017835332978,82.02242251265483,82.14136558949093,82.25859362967581,82.37408941240272,82.48783759967203,82.5998247034069,82.71003905036373,82.81847074500035,82.92511163046385,83.02995524785914,83.13299679395708,83.23423307749857,83.33366247424851,83.43128488094949,83.52710166832217,83.6211156332545,83.71333095031811,83.80375312274519,83.89238893299469,83.97924639303132,84.06433469443589,84.14766415846013,84.2292461861338,84.3090932085265,84.38721863726091,84.46363681536918,84.53836296857824,84.61141315710461,84.68280422803404,84.75255376835581,84.82068005871633,84.8872020279519,84.952139208455,85.01551169242398,85.07734008904139,85.13764548262097,85.19644939175994,85.25377372952777,85.30964076471945,85.36407308419685,85.41709355633809,85.46872529561116,85.51900692198254,85.56799280219357,85.61574905338351,85.66234911028401,85.7078700176947,85.75238965814846,85.79598481567398,85.83872990329155,85.88069618853537,85.92195138004983,85.96255946894264,86.00258074495616,86.04207192853065,86.08108637598457,86.1196743272243,86.15788317448323,86.1957577373063,86.23334053391574,86.2706720426635,86.30779094983562,86.34473438188323,86.38153812141073,86.41823680709959,86.45486411830069,86.49145294536928,86.52803554700844,86.56464369597398,86.6013088145104,86.63806210085805,86.67493464811328,86.71195755664975,86.74916204122731,86.78657953383288,86.82424178321794,86.86218095202281,86.90042971231074,86.93902134027482,86.97798981082882,87.01736989274922,87.0571972449991,87.09750851483591,87.1383414382825,87.17973494352579,87.22172925779724,87.26436601828576,87.30768838763504,87.35174117458352,87.39657096031662,87.44222623111655,87.48875751791513,87.5362175433795,87.58466137718928,87.63414660019686,87.68473347819909,87.73648514609047,87.78946780321336,87.84375092077089,87.8994074622231,87.95651411764591,88.01515155309735,88.07538712267372,88.13727311548071,88.20084904926902,88.26614453091877,88.333181739645,88.40197736645706,88.47254406183222,88.54489148865221,88.61902707244685,88.69495652443928,88.77268419619125,88.85221331065148,88.93354610338102,89.0166838992541,89.10162714349131,89.18837540101589,89.27692733446156,89.36728066841243,89.45943214540021,89.55337747765186,89.64911129744279,89.74662710806979,89.8459172368392,89.94697279101379,90.04978361733426,90.15433826549588,90.2606239557938,90.36862655103336,90.47833053272193,90.58971898150482,90.70277356177309,90.81747451034985,90.93380062914956,91.05172928169881,91.1712363934058,91.29229645546576,91.41488253229221,91.5389662723664,91.66451792239981,91.79150634470747,91.9198990376912,92.04966215933382,92.1807605536056,92.3131577796843,92.44681614389003,92.58169673423413,92.71775945748054,92.85496307861551,92.99326526261919,93.13262261843015,93.2729907449909,93.41432427925953,93.5565769460696,93.6997016097176,93.84365032715407,93.9883744026522,94.13382444382457,94.27995041885691,94.42670171482546,94.57402719696249,94.72187526873368,94.87019393258936,95.01893085125134,95.1680334093965,95.31744877559848,95.46712396438927,95.61700589830347,95.7670414697692,95.91717760271136,96.06736131373538,96.21753977276151,96.36766036298354,96.51767074002808,96.66751889019517,96.81715318766436,96.96652245055495,97.11557599573379,97.26426369226884,97.41253601343182,97.56034408715892
D3,0,0.0,0.0,0.0,0.0,0.0,0.0,9.63381437800258e-09,6.778568675716958e-08,2.687974652226827e-07,7.915484142745603e-07,1.9284489202898026e-06,4.112312041947427e-06,7.939862389227324e-06,1.419124175974016e-05,2.384528457758321e-05,3.80905988996875e-05,5.833264088184332e-05,8.619704798112556e-05,0.00012352952688910455,0.00017239259635034757,0.00023505947597605092,0.000314005398124449,0.0004118966054792663,0.0005315772843210015,0.0006760546733900097,0.0008484825805890004,0.001052143534054798,0.0012904297896792287,0.0015668234133071582,0.0018848756519922836,0.0022481858043658038,0.0026603797950072883,0.003125088651453467,0.003645927074994066,0.0042264722876260985,0.004870243327482749,0.00558068095379091,0.006361128310057664,0.007214812480888542,0.008144827063770543,0.009154115862496745,0.010245457793860557,0.011421453084001679,0.012684510815534197,0.014036837871513783,0.015480429307577932,0.017017060169378383,0.01864827875885964,0.020375401340145077,0.022199508263876247,0.024121441477896122,0.026141803382237507,0.028267574377576737,0.030513032077980676,0.03289915250954266,0.035452954760090166,0.03820721220124812,0.041200598492628575,0.044478241566972214,0.048092653504920396,0.0521050249314991,0.05658689792022841,0.06162225568342851,0.06731009010327842,0.07376753036001746,0.08113363858949586,0.0895740024111835,0.09928627965004214,0.11050687745732346,0.12351897548632187,0.1386621290990128,0.15634371090629315,0.17705246289898446,0.20137443073082545,0.23001152786169635,0.2638029193816171,0.3037493104186076,0.3510400579049211,0.4070827836994395,0.4735348421515243,0.5523355851510883,0.6457378855640438,0.7561141459519168,0.8859022516993107,1.0375595536510311,1.2135044091130092,1.4160452551293297,1.6473015036029879,1.9091217810884142,2.2030053844067696,2.5300326003171905,2.8908088004831964,3.28542605994142,3.7134446035746267,4.173894836194834,4.665299229380435,5.185712063151728,5.732774047916207,6.303778226906376,6.895743281387724,7.5054903949148,8.129720120595,8.765086167299403,9.40826360644741,10.05600963587098,10.705215667457772,11.35295008970004,11.996491566921573,12.633353157805457,13.261297861033151,13.878346427423619,14.482778423644387,15.073127603654733,15.648172653656745,16.206924338023633,16.748610000402866,17.272656277635566,17.77867077430584,18.266423330817087,18.735827404248333,19.18692197353984,19.619854281965782,20.034863642284922,20.432266454312913,20.81244252104435,21.17582269740783,21.522877864411598,21.85410918973886,22.170039612567667,22.4712064742775,22.75815520655675,23.031433983115654,23.291589239720373,23.539161968699933,23.774684697670086,23.998679067321167,24.211653929201187,24.414103891065626,24.606508244229435,24.789330252365936,24.963016725760284,25.127997811387317,25.284686947389254,25.43348094599995,25.574760179301297,25.70888884845741,25.836215320774766,25.95707252124708,26.07177836688134,26.18063623344997,26.28393544554695,26.381951782002478,26.47500606867468,26.56346322502661,26.647714828920144,26.728160950209055,26.80519595183817,26.879198836659537,26.950527416996902,27.019515347622658,27.086471175630788,27.151678750402187,27.21539851217152,27.277869316419437,27.339310554653217,27.399924407303907,27.459898118706235,27.51940622319284,27.578612679434183,27.63767289028853,27.69673559973055,27.755944668449363,27.81544073658591,27.875362786668486,27.93584962274989,27.9970412835426,28.059080408365244,28.12211357524069,28.186292630740418,28.251776031314826,28.3187302160082,28.387331030722475,28.457715591606988,28.529978124369183,28.60417686185042,28.68034219163279,28.758483584608566,28.838594998568766,28.920658984722948,29.004649787211967,29.090535676359494,29.178280697347706,29.267845969568,29.359190638771114,29.45227256073129,29.547048778151176,29.64347583972921,29.741510000318566,29.841107333113502,29.94222377831633,30.04481514745436,30.148837098214294,30.254245091176795,30.360994337032185,30.469039740624876,30.578335846411566,30.68883678854151,30.800496247703773,30.91326741607529,31.02710297109325,31.141955058323312,31.25777528336718,31.374514712520554,31.492123881733423,31.610552813321057,31.729751039811852,31.849667634286757,31.970251246555602,32.09145014452217,32.213212260107156,32.33548523912277,32.45821649452193,32.581353262476725,32.704842660773856,32.828631749047695,32.9526675904045,33.076897314022865,33.201268178346005,33.325727634510756,33.450223389685725,33.57470347001747,33.6991162829084,33.82341067837373,33.94753600924704,34.07144219002503,34.19507975416226,34.318399909645166,34.44135459269302,34.563896519450026,34.6859792355493,34.80755716344439,34.928585647418885,35.04902099619803,35.168820523099775,35.28794258367464,35.40634661079587,35.52399314717215,35.64084387526586,35.75686164460951,35.87201049652243,35.98625568623838,36.09956370246295,36.211902284387136,36.3232404361906,36.433548439074606,36.542797860870564,36.650961563275764,36.758013706772694,36.86392975329305,36.96868646669152,37.07226191109807,37.1746354472206,37.2757877266728,37.37570068440409,37.4743575293108,37.571742733109346,37.667842017553106,37.76264234007613,37.856131877946964,37.948300011016606,38.039137303144244,38.128635482384546,38.21678742001959,38.30358710851789,38.38902963850199,38.47311117480518,38.55582893169629,38.637181147350276,38.7171670576407,38.79578686932829,38.873041732718086,38.9489337138556,39.02346576633041,39.09664170275332,39.16846616597124,39.23894460008148,39.30808322130479,39.375888988774335,39.442369575295196,39.50753333812671,39.57140808715186,39.63404152046,39.69549658643604,39.75584634433716,39.81516967280101,39.873548047630784,39.931063261510545,39.98779588515552,40.043824284058424,40.09922404072309,40.15406766742025,40.20842452345202,40.262360873325385,40.31594003918208,40.36922261353848,40.42226670788993,40.4751282198267,40.52786110659167,40.58051765692803,40.63314875595275,40.68580413990022,40.73853263910146,40.791382408644346,40.84440114691042,40.89763630269015,40.95113527190637,41.00494558517389,41.059115087530614,41.113692111718755,41.1687256463967,41.22426550063617,41.280362466018715,41.33706847759732,41.39443677493908,41.45252206441766,41.51138068388204,41.571070770792936,41.63165243489082,41.6931879364411,41.755741871092276,41.819381362382174,41.8841762629359,41.95019936541646,42.017526624315046,42.08623738970323,42.15641465411272,42.22814531376089,42.30152044540134,42.37663560014891,42.45359111570766,42.532492448518646,42.6134505274426,42.69658213070068,42.782010287914986,42.86986470922038,42.96028224356036,43.053407368433284,43.149392713522055,43.24839962082079,43.3505987440673,43.4561403848692,43.56515131163254,43.67773832486557,43.79399272623386,43.913994170260246,44.03781365980116,44.16551578442285,44.297160358896456,44.432803603122096,44.572498975659485,44.716297746660416,44.86424937520996,45.01640174033169,45.172801263063846,45.333492948069846,45.49852036645505,45.66792559627723,45.841749133266745,46.02002978122556,46.20280452923785,46.39010842103616,46.58197442050224,46.77843327624471,46.979513387411814,47.18524067230915,47.39563844095357,47.6107272723705,47.83052489720506,48.05504608604642,48.284302543742974,48.51830280990119,48.75705216570244,49.000552547133694,49.24880246470304,49.50179692969548,49.7595273870156,50.02198165465883,50.2891438698501,50.560994441887296,50.83751001172528,51.11866341833432,51.40442367186401,51.69475593363978,51.989621503014064,52.28897781108752,52.59277842130823,52.900973036947676,53.21350751544218,53.53032388957744,53.85136039548156,54.17655150737917,54.50582797904561,54.83911689188596,55.17634170954923,55.51742233897306,55.8622751977393,56.21081328760559,56.56294627406325,56.918580571756614,57.27761943558446,57.63996305728989,58.00550866733109,58.374150641812236,58.74578061424097,59.12028759186701,59.49755807634507,59.87747618845494,60.25992379660189,60.64478064881196,61.031924507928984,61.42123128971338,61.81257520353707,62.205828895364235,62.600863592703845,62.99754925121751,63.39575470266433,63.79534780386441,64.19619558636279,64.59816440647751,65.00112009541783
G,53409,53496.95255738823,53571.20931380277,53640.67240995673,53708.37556704694,53775.42882222949,53842.2988471093,53909.225575086726,53976.35933870695,54043.80730146322,54111.650238618124,54179.94947053109,54248.750405364925,54318.08481762734,54387.97257831079,54458.4230897434,54529.43652446382,54601.00491472426,54673.113119885486,54745.73969083739,54818.85764637187,54892.43517372703,54966.43626349208,55040.821287415485,55115.54752627794,55190.56965382149,55265.840181731444,55341.30986982535,55416.92810489254,55492.64325103172,55568.4029738383,55644.154540383664,55719.84509659435,55795.421923369584,55870.83267256134,55946.02558377376,56020.94968281139,56095.55496251114,56169.79254662605,56243.614837384026,56316.97564731742,56389.830315946216,56462.13581189445,56533.850821023676,56604.935821177125,56675.3531441397,56745.06702543266,56814.04364257479,56882.25114245312,56949.65965845585,57016.24131802661,57083.587039844024,57152.76667982829,57224.64665321263,57300.032834850426,57379.74015196519,57464.63294160512,57555.654722031235,57653.85526491328,57760.41849895686,57876.69309932508,58004.227020616476,58144.80705526467,58300.50448007582,58473.72788370411,58667.28429645847,58884.44973642914,59129.05020744225,59405.553991527435,59719.17571603081,60075.99207394995,60483.06815316195,60948.59199545469,61482.01317239567,62094.17876884013,62797.45719977799,63605.83684797562,64534.98285134352,65602.23195379591,66826.50286776453,68228.09900878834,69809.9768531227,71577.33866012342,73532.7818519959,75675.04546506859,77998.56277457182,80493.36962832391,83145.29566937235,85936.40828086762,88845.66592482044,91849.72074162535,94923.80088203614,98042.60292270563,101181.1326460365,104315.4459019288,107423.25732245616,110484.4007435009,113481.13938338457,116398.33500600995,119223.49304021,121946.70507099271,124560.51174422281,127059.7085834728,129441.11518347004,131703.32533187015,133846.4523203676,135871.8804093393,137782.0303569285,139580.1442593371,141270.09273879218,142856.2057660286,144343.12708438284,145735.69126056912,147038.8217614376,148257.44808402596,149396.43978975096,150460.5552614349,151454.40307103653,152382.41398177217,153248.82178374162,154057.65135693445,154812.71255491054,155517.59869642416,156175.6886342399,156790.1515365304,157363.95366468994,157899.866561689,158400.47617773563,158868.19255609627,159305.25978291838,159713.76597239985,160095.65311431492,160452.72665633037,160786.66473022092,161099.02696037674,161391.26281610166,161664.7194871849,161920.64355663292,162160.19110887416,162384.43590380254,162594.3763418333,162790.9415794046,162974.99698853848,163147.3490766912,163308.7499452076,163459.90134465107,163601.45837355687,163734.0328594716,163858.19645557262,163974.48348180403,164083.393535891,164186.59152098332,164285.2169823656,164380.09946410244,164471.8736357038,164561.04376828126,164648.02207251074,164733.15306983533,164816.73011882973,164899.00725340287,164980.2080267656,165060.5323219326,165140.16171122686,165219.2637431296,165297.99541791083,165376.506041787,165454.93960233039,165533.4367752087,165612.13664867842,165691.17823462375,165770.70182156452,165850.85021483162,165931.76990127322,166013.61216986954,166096.53421510366,166180.70024656993,166266.28262586796,166353.46305016617,166442.43380079145,166533.3990747115,166626.57641675338,166721.4841748377,166817.8543430054,166915.5025352807,167014.2818647593,167114.06583493878,167214.7413846982,167316.20558340565,167418.36371722192,167521.12796982014,167624.41640668566,167728.15214879275,167832.26268432953,167936.67929050804,168041.3365469834,168146.1719268987,168251.12545416888,168356.1394174102,168461.15813231753,168566.12774543813,168670.99607326373,168775.71247139375,168880.22772923968,168984.49398635645,169088.46466702115,169192.09443013775,169295.33913194685,169398.15579936156,169500.5026120502,169602.33889164313,169703.62509666602,169804.3228219945,169904.39480179484,170003.80491506093,170102.51819298443,170200.50082750779,170297.72018050414,170394.14479311364,170489.74439483913,170584.4899120676,170678.35347574137,170771.3084279505,170863.32932726276,170954.39195264355,171044.47330585215,171133.55161223037,171221.60631982225,171308.6180967897,171394.56882710417,171479.4416045149,171563.22072480622,171645.8916763711,171727.44112913735,171807.85692189474,171887.12804807554,171965.24464005267,172042.1979520199,172117.98034152793,172192.5852497507,172266.00718056026,172338.24167849103,172409.285305675,172479.13561783073,172547.791139389,172615.25133783824,172681.51659737193,172746.58819191912,172810.46825763816,172873.1597649521,172934.66649020193,172994.99298699203,173054.1445573002,173112.12722242146,173168.94769381234,173224.6133439002,173279.13217691876,173332.51279982826,173384.7643933753,173435.8966833457,173485.91991205866,173534.84481014975,173582.68256868544,173629.44481164997,173675.14356884194,173719.79124921525,173763.40061469655,173805.98475450766,173847.55706001967,173888.1312001627,173927.7210974115,173966.34090436707,174004.0049809493,174040.72787221568,174076.52428681703,174111.40907610144,174145.39721387267,174178.50377681028,174210.74392555447,174242.13288645927,174272.68593401383,174302.41837393187,174331.34552690684,174359.48271302946,174386.8452368631,174413.44837317106,174439.3073532889,174464.43735213423,174488.8534758446,174512.57075003497,174535.68994876844,174558.28115844764,174580.39908545194,174602.08962632233,174623.39287682588,174644.3446625297,174664.97743117803,174685.3208491756,174705.40224482777,174725.24696060244,174744.87864391136,174764.3194921727,174783.59046183142,174802.7114480607,174821.70144023126,174840.57865720312,174859.36066575698,174878.06448492143,174896.70667850072,174915.30343774392,174933.87065579082,174952.42399528067,174970.9789503015,174989.55090368245,175008.15518048898,175026.80709846044,175045.52201602797,175064.31537847084,175083.20276269843,175102.1999210902,175121.32282477934,175140.58770672773,175160.0111049107,175179.60990590465,175199.40138915347,175219.40327217363,175239.6337569499,175260.11157776546,175280.85605070775,175301.88712508965,175323.22543702903,175344.89236543232,175366.910090635,175389.3016559601,175412.09103246586,175435.30318716593,175458.9641550204,175483.1011150101,175507.7424706262,175532.9179351258,175558.6586219255,175584.99714052994,175611.96769841595,175639.60620932264,175667.95040842638,175697.03997491323,175726.91666249483,175757.62443845253,175789.20963183424,175821.72109147054,175855.1191466844,175889.38981977972,175924.52792034266,175960.53145659872,175997.39972152427,176035.1325817105,176073.73016727157,176113.19270155134,176153.52038461712,176194.71330153133,176236.7713450478,176279.69414857627,176323.4810273839,176368.13092679466,176413.64237648342,176460.01345014691,176507.24172995132,176555.32427524973,176604.25759513667,176654.03762447106,176704.65970305196,176756.11855767787,176808.4082868597,176861.5223479901,176915.45354680196,176970.1940289712,177025.73527374034,177082.06808945673,177139.18261093242,177197.06829854572,177255.7139390136,177315.10764777247,177375.2368729103,177436.0884005992,177497.648361981,177559.90224146,177622.83488636158,177686.4305179141,177750.672743513,177815.54457022715,177881.02841950557,177947.10614304265,178013.75903975958,178080.9678738577,178148.71289389837,178216.9738528629,178285.7300291439,178354.9602484189,178424.64290635387,178494.75599208448,178565.27711242044,178636.18351671702,178707.4521223572,178779.05954078524,178850.98210403338,178923.19589168113,178995.67675818613,179068.40036052538,179141.34218608527,179214.47758073785,179287.7817770422,179361.22992250844,179434.79710786353,179508.4583952578,179582.18884635266,179655.9635502295,179729.75765106324,179803.54637550292,179877.3050597044,179951.00917596224,180024.63435888817,180098.15643108796,180171.55142828685,180244.79562386035,180317.86555272562,180390.73803455368,180463.39019626362,180535.79949376336,180607.94373290433,180679.80108961865,180751.35012921278,180822.56982479114
D,768,768.0,768.2247515782611,768.7002953108574,769.3886992753194,770.2433305359796,771.2237733896625,772.2983979699969,773.4434775231695,774.6416046250025,775.880197910809,777.1502799462655,778.4455267070106,779.7615444277479,781.0953256213843,782.4448428674823,783.8087473579492,785.1861466288918,786.5764419184867,787.979210278701,789.3941201714501,790.8208720299766,792.2591573583978,793.7086315305387,795.168896652755,796.6394917661615,798.1198883516676,799.6094896200299,801.1076324595897,802.6135912075679,804.1265826304242,805.6457716628512,807.1702775771425,808.6991803453591,810.2315270237533,811.7663380383019,813.3026132864004,814.8393379962334,816.3754883045483,817.9100365275071,819.4419561093333,820.9702262407288,822.4938361442559,824.0117890276617,825.523105708877,827.0268279184539,828.5220212867395,830.0077780242539,831.483219304684,832.9474973606413,834.3997973029768,835.8393386749542,837.2653767530352,838.6803066783054,840.0897923960978,841.5021278256986,842.9275800870931,844.3779198527785,845.8661592094875,847.4064665431765,849.0142226223074,850.7061897515695,852.5007756055971,854.418381964703,856.4818355230293,858.7169034338166,861.1529006243599,863.8233994081301,866.76705467286,870.0285599240003,873.6597505607914,877.720870646636,882.2820176194446,887.4247751908413,893.2440372269725,899.850013633637,907.3703920272852,915.9526051529358,925.766122812688,937.0046483995261,949.8880551170759,964.6638485432702,981.6078956367533,1000.9887974774363,1023.0565346683481,1048.0340094866388,1076.1083071252908,1107.4217915704903,1142.063787394584,1180.0636800234238,1221.386168105762,1265.9292040344528,1313.5249021606242,1363.9434167928998,1416.8995308874896,1472.0614824036852,1529.0614089684238,1587.506720761069,1646.9917130095166,1707.1087912120124,1767.4587872118705,1827.6599741128503,1887.355525596985,1946.2192964972858,2003.9599164909646,2060.3232815975994,2115.093596477958,2168.0931648519477,2219.181148171586,2268.2515176273405,2315.2304157279195,2360.0731251212146,2402.760817674213,2443.2972291772394,2481.705376801298,2518.0244093881033,2552.3066559791773,2584.6149163899436,2615.020019414961,2643.5986594288474,2670.4315105403443,2695.6016087536486,2719.192986412922,2741.2895391503835,2761.9741032308057,2781.327720218777,2799.429065963037,2816.3540217133223,2832.1753665246747,2846.9625717717695,2860.7816804414474,2873.6952557808036,2885.7623857663957,2897.0387316679357,2907.5766106678648,2917.4251040427775,2926.6301838023774,2935.2348519138263,2943.279287317865,2950.8009858990476,2957.8349034542894,2964.4136022745083,2970.567398961146,2976.3245106395734,2981.7111971589916,2986.7518975145085,2991.469359339857,2995.88476082056,3000.017824757936,3003.8869247889347,3007.5091839561956,3010.900565946938,3014.0759593949256,3017.051554244147,3019.8448014678597,3022.473680966987,3024.9559418469576,3027.3085252440856,3029.5471988026757,3031.6863694378662,3033.73902724378,3035.7167775789885,3037.6299275695883,3039.4876025158555,3041.2978753553025,3043.0678981643027,3044.8040288937264,3046.5119494717605,3048.1967733928973,3049.8631422115295,3051.5153111754735,3053.1572247194845,3054.7925827998797,3056.4248991656173,3058.057552682279,3059.693832790215,3061.3369801118315,3062.990223142099,3064.656811871796,3066.340049111449,3068.0433202094946,3069.7701217930903,3071.5240901052166,3073.307658925138,3075.1219668978956,3076.9670973499296,3078.842359593191,3080.7465299650903,3082.6780383658497,3084.63510589293,3086.615843413122,3088.6183204038784,3090.6406117256965,3092.6808282811967,3094.737136074697,3096.807767046188,3098.8910241775957,3100.985282705446,3103.088988774989,3105.200656497851,3107.3188640978733,3109.442249624543,3111.5695065624705,3113.699379555127,3115.830660381256,3117.962184265188,3120.0928265619627,3122.221499830167,3124.3471512865035,3126.468760623849,3128.5853381669976,3130.6959233361454,3132.799583386455,3134.895412391815,3136.98253044193,3139.060083023462,3141.127240557997,3143.1831980718657,3145.2271749751467,3147.2584149294826,3149.276185786545,3151.279779581063,3153.2685125642674,3155.241725265386,3157.198782570457,3159.139073809197,3161.0620128419873,3162.9670381402543,3164.8536128545525,3166.721224865652,3168.569386814742,3170.3976361096406,3172.2055349045463,3173.9926700514575,3175.758653021919,3177.503119798182,3179.2257307332784,3180.92617037987,3182.6041472879983,3184.2593937721667,3185.8916656483866,3187.5007419420126,3189.0864245673833,3190.648537980381,3192.18692880518,3193.701465436521,3195.1920376189473,3196.658556004456,3198.1009516901304,3199.5191757372663,3200.9131986735983,3202.2830099801886,3203.6286175645546,3204.9500472216155,3206.247342083984,3207.5205620631414,3208.7697832829754,3209.9950975071324,3211.1966115615996,3212.3744467538777,3213.52873829006,3214.6596346910887,3215.7672972093897,3216.8518992470576,3217.9136257766763,3218.9526727658235,3219.9692466062497,3220.9635635486507,3221.935849143899,3222.8863376915615,3223.815271696436,3224.722901333815,3225.609483924122,3226.4752834174906,3227.320569888843,3228.1456190439244,3228.950711736751,3229.7361334988336,3230.502174080519,3231.2491270047512,3231.9772891334824,3232.6869602469505,3233.3784426359884,3234.0520407074846,3234.708060603103,3235.346809831304,3235.9685969127036,3236.573731038757,3237.162521743747,3237.7352785900025,3238.2923108662676,3238.8340920494047,3239.361260926506,3239.874577038458,3240.374871964736,3240.8630090583347,3241.339853784113,3241.8062534261576,3242.263024148368,3242.710943497329,3243.150746783959,3243.5831261435364,3244.0087313835497,3244.4281719733385,3244.8420197153605,3245.250811776327,3245.6550538579318,3246.0552233606522,3246.4517724469115,3246.8451309474804,3247.2357090811497,3247.6238999757306,3248.010081990461,3248.394620847682,3248.7778715863938,3249.1601803529597,3249.5418860453983,3249.9233218279546,3250.304816532241,3250.686695960444,3251.0692841051296,3251.4529042990775,3251.837880307514,3252.224537374021,3252.6132032304527,3253.0042090802704,3253.3978905639347,3253.794588714271,3254.1946509091604,3254.598431828378,3255.006294421008,3255.418610889523,3255.835763696378,3256.258146598774,3256.6861657171444,3257.1202406428592,3257.5608055906305,3258.0083106011975,3258.463222799921,3258.9260277171056,3259.3972306760675,3259.8773582551626,3260.3669598303372,3260.8666092050225,3261.3769063346167,3261.898479153168,3262.4319855103486,3262.9781152272967,3263.5375922804415,3264.1111771230344,3264.699669154718,3265.3037342977664,3265.923887745876,3266.5605170942276,3267.213911097234,3267.8842846298066,3268.571798193203,3269.2765724872042,3269.998699020506,3270.7382476812877,3271.495272024557,3272.269812865969,3273.061900631754,3273.871556803902,3274.698794714813,3275.54361988094,3276.406030016085,3277.286014828234,3278.1835556761134,3279.098625141031,3280.031186554095,3280.9811935074813,3281.9485893699202,3282.933306820368,3283.935267409277,3284.954381153562,3285.990546169029,3287.043648342345,3288.1135610434258,3289.2001448783976,3290.303247482666,3291.422703353354,3292.5583337201397,3293.7099464534085,3294.877336008599,3296.0602834056062,3297.258556242133,3298.4719087398867,3299.700081822595,3300.9428032248074,3302.1997876305186,3303.470736840652,3304.755339968492,3306.0532736621253,3307.364202353021,3308.6877785298198,3310.0236430364384,3311.371425393577,3312.730744142689,3314.1012072114827,3315.4824122999685,3316.873947286084,3318.275390649862,3319.6863119151117,3321.1062721075527,3322.534824228297,3323.9715137415797,3325.415879075589,3326.867452135241,3328.3257588257216,3329.7903195855956,3331.2606499282765,3332.7362609906395,3334.2166600875403,3335.7013512710128,3337.189835892909,3338.681613169752,3340.1761807485655,3341.6730352724794,3343.171672944889,3344.6715900909953,3346.1722837155503,3347.673252055672,3349.173995127603,3350.674015266333,3352.1728176570377,3353.6699108572966,3355.164807309141,3356.657023839969,3358.146082151452,3359.6315092955783
dG,0,87.95255738822743,74.2567564145429,69.46309615395876,67.70315709021088,67.05325518255268,66.87002487980499,66.92672797742853,67.13376362022245,67.44796275626868,67.8429371549064,68.29923191296984,68.80093483383098,69.33441226241848,69.88776068345032,70.45051143260935,71.0134347204148,71.56839026044327,72.10820516122476,72.62657095190661,73.11795553447882,73.5775273551626,74.00108976504998,74.3850239234016,74.72623886245128,75.02212754355423,75.27052790995367,75.46968809390819,75.61823506718792,75.7151461391768,75.75972280658607,75.75156654536113,75.69055621068401,75.57682677523553,75.41074919175298,75.19291121241986,74.92409903763473,74.60527969974646,74.23758411491144,73.82229075797659,73.3608099333942,72.85466862879548,72.30549594823242,71.71500912922784,71.08500015344907,70.41732296257396,69.71388129296247,68.97661714212882,68.20749987832824,67.40851600273163,66.58165957075835,67.34572181741532,69.17963998426421,71.8799733843407,75.38618163779756,79.70731711476401,84.89278963993274,91.02178042611195,98.20054288204847,106.56323404357681,116.27460036821867,127.53392129139684,140.58003464819194,155.697424811151,173.22340362828982,193.5564127543621,217.16543997066765,244.6004710131092,276.50378408518736,313.62172450337675,356.8163579191387,407.07607921199815,465.5238422927432,533.4211769409812,612.1655964444581,703.2784309378621,808.3796481976242,929.1460033679032,1067.2491024523915,1224.2709139686194,1401.5961410238087,1581.8778443343617,1767.3618070007215,1955.443191872473,2142.2636130726896,2323.517309503237,2494.8068537520885,2651.926041048442,2791.112611495264,2909.25764395282,3004.0548168049136,3074.0801404107915,3118.802040669485,3138.5297233308665,3134.31325589231,3107.8114205273596,3061.1434210447333,2996.738639883668,2917.1956226253824,2825.1580342000525,2723.2120307827136,2613.806673230094,2499.1968392499984,2381.406599997237,2262.210148400103,2143.1269884974463,2025.4280889717047,1910.149947589205,1798.1139024086006,1689.9484794550808,1586.1130272364244,1486.9213183542306,1392.564176186279,1303.1305008684867,1218.6263225883595,1138.9917057249986,1064.1154716839374,993.8478096016333,928.0109107356402,866.4078019694425,808.8295731928374,755.061197976087,704.8861415136198,658.0899378157337,614.4629022905137,573.8021281595284,535.9128969990707,500.6096160466259,467.71637836063746,437.06722682210966,408.50618948147167,381.88714191506733,357.0735420154524,333.93807389054564,312.3622301558207,292.2358557249245,273.4566710832296,255.92406944802497,239.54755224124528,224.24479492838145,209.94043803075328,196.56523757131072,184.05540913387085,172.352088152722,161.40086851638625,151.15139944347902,141.5570289058087,132.57448591472348,124.1635961010179,116.28702623140998,108.91005408696947,103.1979850923235,98.62546138226753,94.88248173685861,91.77417160136974,89.17013257744838,86.978304229473,85.13099732459523,83.57704899439705,82.2771345731453,81.20077336273971,80.32429516699631,79.62938929424854,79.10203190273023,78.73167478124378,78.51062387618003,78.43356054337346,78.49717287832755,78.69987346971175,79.04158594532055,79.52358694077702,80.14839326709625,80.91968644160079,81.84226859631599,82.92204523412511,84.16603146627313,85.58237929802272,87.18042429821799,88.97075062527438,90.96527392003918,93.17734204189037,94.90775808432954,96.37016816769028,97.64819227531552,98.77932947859517,99.78397017947282,100.67554975941312,101.4641987074574,102.15813381626504,102.76425259822281,103.28843686552136,103.73574210709194,104.1105355367763,104.41660617850721,104.65725647535874,104.83537991531193,104.95352727017598,105.01396324130474,105.0187149073463,104.96961312060012,104.86832782559213,104.71639813002548,104.51525784592377,104.2662571167748,103.97068066470092,103.6297631165944,103.2447018091043,102.8166674147069,102.34681268862914,101.83627959294245,101.28620502288686,100.69772532847128,100.07197980035562,99.41011326608714,98.71327792349621,97.9826345233596,97.21935299635516,96.42461260949494,95.59960172549472,94.74551722846809,93.86356367377448,92.95495220914017,92.02089931225055,91.0626253807859,90.0813532086031,89.07830637821462,88.05470759188756,87.0117769674398,85.95073031447828,84.87277741072467,83.7791202913213,82.67095156488358,81.54945276625222,80.41579275738331,79.27112618079991,78.11659197713016,76.95331196722691,75.78238950803643,74.60490822276915,73.42193080956349,72.23449793076725,71.0436271839717,69.85031215572963,68.65552155827754,67.46019844923285,66.265259533684,65.0715945471893,63.88006571904407,62.69150731395348,61.50672524981201,60.32649679010501,59.15157030816772,57.98266512126429,56.82047139087808,55.66565008784528,54.518833018577425,53.38062290949165,52.25159354705829,51.13228997038095,50.02322871296201,48.92489809109247,47.837758535693865,46.762242964527104,45.69875719197444,44.64768037330941,43.60936548130121,42.58413981110789,41.57230551200337,40.57414014302776,39.589897248806665,38.61980695556849,37.66407658223761,36.722891266370425,35.79641460135463,34.884789284406,33.98813777122996,33.10656293760985,32.24014874419663,31.38896090479102,30.553047554567456,29.732439918036107,28.927152974967612,28.137186122621642,27.36252383363899,26.60313630796736,25.85898011783138,25.129998845339287,24.416123710368993,23.71727419036324,23.11919873347506,22.59120967920171,22.11792700429214,21.69054087038967,21.30325050355168,20.951785703829955,20.63276864832733,20.3434179975593,20.08139565217425,19.844715774670476,19.63168330892222,19.440848261350766,19.270969658711692,19.120986229274422,18.98999217056553,18.877216971857706,18.78200855385512,18.703819164453307,18.642193579289597,18.596759243198903,18.567218046897324,18.55333948985208,18.55495502083795,18.57195338094607,18.604276806523558,18.6519179714669,18.714917567529483,18.793362442869693,18.88738422759343,18.99715839177952,19.122903689130908,19.264881948387483,19.423398182960227,19.59880099396105,19.791483248816803,20.001883020158857,20.23048477625707,20.477820815576706,20.744472942285938,21.03107438189909,21.338311939383857,21.666928403283237,22.01772520269151,22.391565325087868,22.789376505766995,23.21215470007155,23.660967854462797,24.1369599897007,24.641355616098735,25.175464499596274,25.740686799719697,26.338518604432466,26.97055788600119,27.6385109066905,28.34419910373981,29.08956648685853,29.876687581592705,30.70777595770778,31.585193381702993,32.51145963629824,33.398055213852786,34.27067309533595,35.138100562937325,36.003536256059306,36.86826492554974,37.73286018622457,38.597585561074084,39.46253427976626,40.327683065785095,41.19291691420949,42.058043516473845,42.92280352846137,43.786878807644825,44.64989941075328,45.51144968875451,46.371073663496645,47.22827980440343,48.082545298413606,48.93331988694263,49.78002933438984,50.62207858089823,51.45885462590377,52.28972918182262,53.114061130414484,53.93119881185703,54.740482169232564,55.54124476914876,56.33281571639236,57.11452147568343,57.8856876133068,58.64564046787564,59.39370875887107,60.12922513781814,60.85152768890839,61.5599613818049,62.25387947898707,62.93264490159345,63.595631552510895,64.24222559889313,64.87182671416667,65.48384927841835,66.07772353707696,66.65289671692881,67.20883409812814,67.74502004066017,68.26095896452898,68.7561762809928,69.23021927502123,69.68265793495812,70.11308573061251,70.52112033596495,70.90640429657651,71.26860564018716,71.60741842802963,71.92256324813934,72.21378764775,72.48086650500773,72.72360233924701,72.94182555988664,73.13539465257782,73.30419630435063,73.44814546624548,73.56718535508844,73.66128739426495,73.73045109485975,73.77470387684298,73.7941008337366,73.7887244396843,73.75868420148618,73.7041162578389,73.62518292592722,73.52207219979027,73.39499719889136,73.24419557349756,73.0699288652686,72.8724818280607,72.65216170993517,72.40929749974748,72.14423914096551,71.85735671431758,71.54903959413059,71.21969557835837
dD,0,0.0,0.22475157826113445,0.475543732596293,0.6884039644619406,0.8546312606601987,0.9804428536829164,1.0746245803344436,1.1450795531725362,1.1981271018330517,1.2385932858064734,1.2700820354565394,1.2952467607450444,1.3160177207373636,1.333781193636355,1.349517246098003,1.3639044904668935,1.3773992709426466,1.3902952895948602,1.4027683602142815,1.414909892749165,1.4267518585264725,1.438285328421216,1.4494741721408673,1.4602651222163558,1.470595113406489,1.4803965855060142,1.4896012683623212,1.4981428395598186,1.505958747978184,1.5129914228563166,1.5191890324269934,1.5245059142913533,1.5289027682165397,1.5323466783942195,1.534811014548609,1.536275248098491,1.536724709833038,1.536150308314859,1.534548222958847,1.5319195818261733,1.5282701313955158,1.5236099035270172,1.5179528834058829,1.5113166812152485,1.5037222095769494,1.495193368285527,1.4857567375144072,1.4754412804301182,1.4642780559572657,1.4522999423355714,1.4395413719773842,1.4260380780809783,1.4149299252702576,1.409485717792336,1.4123354296008301,1.4254522613945255,1.450339765685385,1.4882393567089593,1.540307333689043,1.6077560791309224,1.691967129262025,1.7945858540276731,1.9176063591058892,2.063453558326273,2.2350679107872793,2.435997190543276,2.6704987837701992,2.943655264729955,3.2615052511403064,3.631190636791075,4.06112008584455,4.561146972808615,5.142757571396714,5.819262036131249,6.6059764066644675,7.52037839364823,8.582213125650583,9.813517659752165,11.238525586838136,12.883406717549747,14.775793426194355,16.94404709348305,19.38090184068301,22.067737190911885,24.977474818290602,28.07429763865207,31.313484445199492,34.64199582409378,37.99989262883969,41.32248808233817,44.54303592869087,47.59569812617133,50.418514632275674,52.95611409458979,55.161951516195586,56.999926564738644,58.44531179264504,59.484992248447725,60.117078202495804,60.34999599985804,60.20118690097979,59.69555148413474,58.86377090030078,57.74061999367882,56.363365106634774,54.770314880358455,52.99956837398986,51.08798331963817,49.070369455754644,46.978898100579045,44.84270939329508,42.687692552998215,40.53641150302656,38.40814762405853,36.319032586805406,34.282246591074,32.30826041076625,30.405103025017524,28.578640013886343,26.832851111496893,25.1700982133043,23.59137765927335,22.09655273746148,20.684564080422206,19.353616987971236,18.101345744260016,16.924955750285335,15.821344811352446,14.78720524709479,13.819108669677917,12.913575339356157,12.067129985592146,11.276345901540026,10.537878999929035,9.848493374912778,9.205079759599812,8.604668111448973,8.044435404038722,7.521698581182591,7.033917555241715,6.5786988202189605,6.153796686637634,5.757111678427464,5.386686519418163,5.040700355516947,4.717461825348437,4.415401480703167,4.133063937375937,3.869100030998652,3.622259167260836,3.3913819907425022,3.175393447987517,2.9755948492215794,2.7932472237125694,2.628879499127379,2.482260879970454,2.352583397128001,2.238673558590108,2.139170635190567,2.0526578059138956,1.977750335208384,1.913149990599777,1.8576749462672524,1.8102728394469523,1.7700228090002383,1.7361307294236212,1.7079205780341908,1.68482392113674,1.666368818632236,1.65216896394395,1.641913544011004,1.6353580803952354,1.6323163657375517,1.632653516661776,1.6362801079358178,1.6431473216166523,1.6532430302672765,1.666588729697196,1.6832372396529536,1.7032710980456613,1.7268015835957158,1.7539683121262897,1.7835688199215838,1.8143079727574332,1.8451304520340273,1.8752622432612043,1.904170371899454,1.9315084007594123,1.9570675270801985,1.9807375201921786,2.0024769907563496,2.022291321818102,2.0402165555001375,2.0563077935003093,2.0706309714910276,2.083257131407663,2.094258527850343,2.1037060695430227,2.1116677228619665,2.118207600022288,2.1233855266696082,2.127256937927541,2.129872992656601,2.131280826129114,2.1315238839320045,2.1306422967745675,2.1286732682042384,2.125651456336527,2.1216093373454896,2.116577543148651,2.1105851691477255,2.103660050309827,2.095829005359974,2.0871180501148956,2.077552581532018,2.0671575345349993,2.055957513868634,2.0439769032809636,2.031239954335888,2.01777085706226,2.0035937945181104,1.9887329832044998,1.9732127011184275,1.9570573050709754,1.9402912387399738,1.9229390327905094,1.9050252982669917,1.886574714298149,1.8676120110994816,1.8481619490898993,1.8282492948987965,1.8078987949056682,1.7871351469111687,1.765982970461664,1.7444667762629251,1.722610935096327,1.7004396465918035,1.6779769081281302,1.6552464841684014,1.6322718762198747,1.6090762936260035,1.5856826253707368,1.56211341299786,1.5383908247986255,1.5145366313413433,1.490572182426149,1.466518385508607,1.4423956856744553,1.4182240471359364,1.3940229363320213,1.3698113065902362,1.3456075843660074,1.3214296570608894,1.2972948623687444,1.2732199791571475,1.2492212198339985,1.2253142241570458,1.201514054467225,1.177835192278053,1.154291536182427,1.1308964010286218,1.1076625183009128,1.0846020376679917,1.0617265296186815,1.0390469891472094,1.0165738404261901,0.9943169424009284,0.972285595248195,0.9504885476626441,0.9289340048744634,0.9076296373791592,0.8865825903067162,0.8657994933687405,0.8452864713522104,0.825049155081615,0.8050926928267472,0.7854217620824784,0.7660405816855018,0.7469529242321187,0.7281621287311282,0.7096711134681755,0.6914823890379012,0.6735980714961443,0.6560198956185559,0.6387492282010498,0.6217870813993613,0.6051341260535992,0.5887907049900605,0.5727568462552881,0.5570322762650903,0.5417811831371182,0.5271688771013032,0.5133161119520082,0.5002949262780021,0.4881370935986524,0.4768447257783919,0.46639964204450735,0.4567707222104218,0.4479193489610225,0.43980328663019463,0.43237935957722584,0.42560524001328304,0.41944058978879184,0.4138477420219715,0.40879206096633425,0.40424208160493436,0.40016950272047325,0.396549086259256,0.39335850056886557,0.3905781336693508,0.38819089458093003,0.38618201473036606,0.38453885722083214,0.38325073871192217,0.3823087665659841,0.38170569243857244,0.3814357825563093,0.3814947042865242,0.3818794282028648,0.3825881446855419,0.38362019394799063,0.384976008436297,0.3866570665072686,0.38866585643154394,0.39100584981770226,0.39368148366429523,0.39669815033630584,0.40006219488941497,0.40378091921775194,0.4078625926299537,0.4123164685147458,0.41715280685502876,0.4223829023962935,0.42801911837023,0.4340749257148673,0.4405649477712359,0.44750501056705616,0.4549121987233775,0.4628049171847124,0.4712029589618396,0.48012757909509673,0.4896015751746745,0.4996493746853048,0.5102971295941643,0.5215728185512489,0.5335063571806131,0.546129716948144,0.5594770531447466,0.5735848425929362,0.5884920316834723,0.6040651430485013,0.6201534481097042,0.6366293483515619,0.6533940030062695,0.6703735325727394,0.687513563396351,0.704774294001254,0.7221265333018891,0.7395486607815656,0.7570243432692223,0.7745408414120902,0.7920877657847996,0.8096561721481521,0.827237910911208,0.8448251661266113,0.8624101351451827,0.8799848121489049,0.8975408478795543,0.9150694649174511,0.9325614130639224,0.9500069533864917,0.9673958624389343,0.9847174504479881,1.001960588908787,1.019113744284823,1.0361650154673043,1.0531021733158923,1.0699127010807388,1.0865838349718615,1.1031026042683152,1.1194558706879434,1.13563036678579,1.1516127332688484,1.1673895551903115,1.1829473970074105,1.1982728365269395,1.2133524977534762,1.2281730827085084,1.2427214022122826,1.2569844057111368,1.2709492101334945,1.2846031278400005,1.2979336936332402,1.3109286908957074,1.3235761767987242,1.335864506618691,1.3477823571383851,1.35931874911239,1.3704630687934696,1.3812050884857854,1.3915349861154027,1.4014433637780712,1.4109212652497263,1.4199601924410672,1.4285521207443708,1.4366895132825448,1.4443653340094897,1.4515730596517642,1.45830669048064,1.4645607598740753,1.4703303426808816,1.4756110623629866,1.4803990969007828,1.4846911834724779,1.4884846218960774,1.491777276843095,1.4945675788135304,1.496854523913953,1.4986376724095862,1.499917146106327,1.5006936245549696,1.5009683401217444,1.5007430719310833,1.5000201387297238,1.4988023907048955,1.4970932002588597,1.4948964518443972,1.4922165308280455,1.4890583114829496,1.4854271441263336
